1_0_0_0_0_0_0_0  [
  49.19646 -12.36765 -0.5709734 3.919504 13.14966 10.32175 1.760844 20.01287 6.044338 21.39118 -9.913689 -4.405736 -0.7382784 
  54.40393 -12.89413 3.736039 7.519203 7.070672 12.59224 -11.18194 5.321787 13.37617 10.13049 -1.387022 1.995998 -1.812112 
  55.73918 -11.66567 3.736039 -1.105524 5.91277 6.189209 -4.531293 4.306158 17.36991 4.217078 -8.898609 5.915724 6.830414 
  60.59236 -6.921592 -1.549149 -2.562716 -1.306223 4.031847 -6.748176 4.306158 25.53648 14.9534 -6.360911 2.080231 2.902114 
  60.73488 -6.743232 -3.309863 -1.65197 -1.515226 2.953165 -0.4670086 10.21364 8.382024 12.3915 -12.58044 -0.362536 6.116178 
  60.87739 -8.857761 -4.940155 2.719604 -3.605257 5.542002 -0.7133293 13.5401 4.131686 2.651764 -14.24076 -6.026054 -2.593081 
  57.60852 -11.66567 -2.592535 1.626711 7.360148 5.110529 2.264454 5.713135 6.150596 8.7391 -7.88353 -1.878736 6.473296 
  57.475 -9.910727 -1.940418 -6.387844 7.649623 7.483627 4.782509 19.46188 19.00322 5.260622 -3.924721 16.22772 13.97278 
  57.74205 -7.278313 -1.679572 -5.659247 2.664837 8.051251 2.264454 20.01287 10.18842 4.217078 -16.89728 -1.962969 -3.862156 
  57.475 -12.19215 -2.3969 -1.469822 6.202245 9.470311 5.789731 12.56173 10.08216 13.78289 3.008759 6.29765 -2.007354 
  57.34148 -11.84116 -4.092403 -2.927013 7.070672 10.03794 8.307785 3.448944 15.32826 10.30441 -5.548848 1.237898 -1.128763 
  59.16721 -11.66567 -9.233954 4.159484 12.57071 15.14655 1.760844 -1.265728 -6.162212 8.391251 -8.188054 3.764898 4.330587 
  60.73488 -5.673069 -7.136503 -4.566355 0.5748043 5.973473 -1.45229 10.80066 -1.991495 17.58703 -3.823213 2.754098 15.04413 
  60.87739 -7.980289 3.344262 3.679524 -7.994323 10.60556 -4.531293 8.941759 -7.726233 4.564926 4.140817 7.825353 -11.79848 
  59.73727 -7.980289 0.5376244 -4.202057 3.500849 8.051251 -4.284973 8.452574 2.856584 15.83127 -5.650355 4.438765 -1.031142 
  59.45224 -7.453807 -1.353514 -2.016268 1.201815 -1.361559 3.775287 6.300158 -1.991495 3.521383 -8.188054 -4.405736 -5.228852 
  57.20795 -9.910727 -0.3753386 1.444561 9.386477 7.483627 7.300563 13.63794 10.29468 11.17403 -4.635276 2.164464 8.258886 
  55.60565 -12.54314 -1.027455 2.537455 10.83385 2.305958 -5.886055 18.91089 27.98646 16.41653 -16.89728 -5.637062 6.473296 
  56.00623 -14.47358 -4.809731 7.039244 13.43913 12.87606 9.315007 20.01287 8.700799 8.217327 -10.62424 -1.120636 2.187878 
  54.40393 -16.22852 -1.809995 2.959584 14.59704 14.29512 10.32223 7.669877 5.619304 8.043404 -14.24076 8.589205 5.75906 
  58.1696 -10.96369 -5.331424 -7.298589 7.939099 12.87606 -0.2206888 9.333107 9.657125 14.9534 -8.492578 -0.1098356 -1.324005 
  59.73727 -7.980289 2.952485 4.399464 10.2549 9.1865 -2.560731 7.278528 -1.991495 17.00178 -17.22935 5.533798 -0.1525517 
  56.67385 -9.735232 -1.809995 1.080263 16.04441 -0.2828789 -5.886055 3.020338 4.450461 17.00178 -19.88587 -0.2783027 3.616351 
  59.73727 -13.59611 -5.657483 -3.655609 4.127859 17.41705 12.33667 22.76784 6.256855 10.47834 -11.03028 7.825353 5.401942 
  58.1696 -8.857761 -3.57071 6.319304 7.939099 9.470311 -6.501855 10.80066 -4.076855 13.26112 -13.9087 6.29765 -6.497928 
  61.16242 -5.85143 0.8636827 0.1695194 -0.2612076 5.110529 0.02563095 6.300158 1.581483 14.36814 -7.071466 -0.5310025 1.018903 
  58.1696 -8.331278 -0.5709734 3.919504 3.500849 -10.42248 -19.08519 1.734518 5.19427 7.695555 -11.53782 8.589205 2.902114 
  58.1696 -9.033256 1.059318 4.399464 9.965428 13.72749 -7.240816 13.63794 -3.555513 3.173535 -5.751863 1.490598 1.83076 
  57.74205 -9.910727 -3.96198 -2.016268 2.87384 16.2818 5.28612 5.517461 11.99481 17.58703 -1.48853 1.490598 4.687705 
  56.00623 -9.033256 -1.483937 -1.469822 7.070672 5.542002 4.278898 3.020338 9.550867 19.34279 -4.026229 9.734982 3.259233 
  57.34148 -7.278313 1.777153 -3.655609 7.939099 10.32175 0.8877525 17.16007 13.58869 19.34279 -5.44734 9.353056 2.187878 
  57.60852 -11.84116 -4.092403 -2.380566 11.70228 11.457 9.818618 13.44227 6.469372 10.47834 -14.24076 -0.362536 16.82972 
  55.73918 -13.24512 -4.35325 1.808859 12.57071 15.99799 11.32945 22.21685 9.869642 12.04365 -10.1167 4.522998 5.75906 
  56.00623 -11.66567 -1.22309 1.080263 8.807526 8.618876 -3.915493 6.495831 1.581483 8.043404 -14.57283 -3.563403 -4.447883 
  56.13975 -10.43721 -2.527323 -0.1947784 7.939099 8.902687 -4.038652 20.01287 6.469372 13.60897 -0.5749588 10.88076 -9.328941 
  56.67385 -13.59611 -5.787906 3.439544 2.664837 7.767439 -2.560731 11.77903 3.387877 8.043404 -8.594086 -11.08296 -7.962245 
  57.475 -8.857761 -4.809731 -2.744864 0.9928112 6.620682 -3.915493 20.01287 14.91993 14.07552 -7.88353 5.533798 7.544651 
  56.9409 -8.682266 -4.679308 -4.748503 5.623294 8.618876 1.760844 12.17038 2.431551 10.65226 -8.492578 4.270298 1.83076 
  56.27328 -12.19215 -0.8318205 9.199062 11.12333 5.973473 0.2719517 8.746084 1.262707 15.24602 -1.691546 16.22772 -1.031142 
  54.13688 -12.19215 -4.288038 2.355307 16.91284 19.11992 1.760844 14.61631 8.382024 7.695555 -23.87065 7.061502 3.616351 
  54.13688 -13.06962 -0.9622436 1.262413 14.01809 14.29512 17.37278 31.58372 4.025427 3.695307 -27.85543 -3.98457 -1.421627 
  57.20795 -7.980289 -4.483673 1.262413 3.500849 11.457 -0.8364897 20.01287 5.406787 6.478088 -14.57283 9.353056 2.187878 
  56.80738 -10.26171 -6.505234 -2.927013 5.91277 13.44368 -6.378695 21.11486 7.106922 8.913023 0.5416279 9.734982 6.830414 
  56.9409 -8.682266 -1.353514 -4.384205 14.01809 14.0113 -5.639734 18.91089 0.09386444 14.9534 10.36713 5.533798 -8.059866 
  58.45463 -8.506772 -3.049016 -2.744864 7.649623 1.227276 -8.226097 12.07255 0.6251567 9.086946 -17.22935 4.186065 0.8236599 
  58.73966 -9.384244 -3.96198 -2.562716 3.082842 8.051251 -1.57545 12.26822 14.10328 10.13049 -22.21032 8.207279 12.5443 
  58.88218 -7.629301 -2.201265 -4.019907 -2.769245 1.874485 -7.240816 5.713135 -7.726233 8.391251 -12.24837 5.533798 15.04413 
  59.45224 -6.743232 0.0811429 1.991009 2.87384 1.874485 -2.437571 6.88718 -5.119534 17.58703 -6.563927 7.061502 8.258886 
  58.02708 -7.099952 -0.1797037 1.262413 7.939099 -6.754967 -11.42826 0.02009201 -1.470156 16.41653 3.574788 23.10238 3.259233 
  56.9409 -9.559738 -2.983805 -1.469822 8.51805 7.267891 7.804174 16.67089 0.09386444 14.9534 -7.477499 15.46387 -9.524184 
  58.1696 -5.85143 -3.505498 -6.387844 -1.515226 1.227276 -0.95965 9.92013 -1.991495 18.46491 -13.9087 2.417164 -2.300218 
  56.80738 -12.01666 -2.722958 0.1695194 6.491721 6.404945 2.264454 11.87687 3.919169 12.3915 -5.650355 0.2270975 -11.79848 
  56.9409 -10.96369 -2.657746 3.439544 3.082842 8.051251 0.5182724 4.734764 -6.683552 16.41653 -4.533768 13.93616 -1.128763 
  56.80738 -9.384244 -2.853382 -3.473461 2.87384 7.483627 7.300563 9.430944 1.475224 18.46491 -26.1951 0.816731 1.83076 
  57.34148 -8.155784 0.6680479 -0.1947784 2.455833 5.326265 6.293341 11.87687 11.14474 9.434793 -19.22174 7.061502 -0.7382784 
  56.80738 -7.804795 1.777153 -3.473461 2.24683 10.03794 -3.299692 3.877552 12.10107 6.304165 -22.54239 5.533798 3.259233 
  56.13975 -7.629301 -1.22309 3.199564 0.1567993 2.305958 -6.994495 10.40932 14.5116 18.75754 1.310673 13.93616 -2.007354 
  57.20795 -7.980289 -1.809995 -0.1947784 2.664837 4.247583 -2.191251 14.51847 7.531956 14.07552 -7.782022 10.11691 0.628418 
  56.80738 -8.857761 -2.657746 -1.83412 1.619822 5.110529 -7.856616 4.734764 15.73659 19.34279 -20.88206 3.680665 2.544996 
  56.13975 -10.43721 -1.744783 6.559284 9.386477 -2.655977 -10.56614 10.31148 8.913316 17.87966 -6.665435 0.3113308 -2.885944 
  55.60565 -10.6127 -0.04928017 6.319304 16.62337 2.737429 -10.93562 4.306158 -8.247572 -1.348485 -1.387022 2.501398 -4.057398 
  57.34148 -11.49018 -2.918593 5.839344 10.83385 11.74081 -4.161813 5.028275 10.93223 8.565174 -13.24457 4.607231 -4.740746 
  56.67385 -11.84116 -0.04928017 5.359384 2.037827 8.618876 5.28612 21.11486 4.875495 6.825936 -10.21821 9.734982 5.044824 
  55.07156 -9.735232 0.0811429 3.919504 11.41281 15.99799 2.264454 16.47522 9.975901 2.303916 -11.23329 -1.541803 -11.37899 
  56.27328 -10.43721 1.320165 2.959584 3.291845 10.88937 -2.683891 7.082854 6.681889 17.00178 -16.89728 12.02654 -4.545504 
  55.8727 -13.59611 -1.157878 4.159484 -4.023264 -2.655977 -8.965057 16.76873 14.5116 13.43504 -3.315673 23.48431 -1.909733 
  55.8727 -8.857761 -1.22309 1.626711 11.41281 9.1865 0.6414318 11.58336 15.32826 7.695555 -14.57283 5.915724 -7.181276 
  57.20795 -10.43721 -3.049016 8.479123 6.202245 0.3643303 -10.44298 5.223949 4.556719 24.31744 1.310673 -5.637062 -6.888412 
  56.80738 -13.24512 -6.113964 7.999163 4.754868 3.168901 8.307785 13.44227 3.387877 14.9534 -14.24076 1.406364 4.330587 
  56.00623 -14.47358 -7.660866 2.719604 6.781197 9.754124 2.768065 16.47522 7.531956 19.34279 -7.071466 5.365332 6.473296 
  56.27328 -13.59611 -4.027191 0.3516674 11.12333 10.32175 3.775287 9.235271 3.600393 25.48795 4.140817 15.46387 1.83076 
  55.47213 -11.49018 -2.3969 0.5338173 5.623294 14.86274 5.28612 13.24659 10.08216 17.87966 -9.304641 5.915724 -4.15502 
  54.93803 -12.54314 -0.1144919 2.173157 9.386477 10.60556 0.8877525 13.44227 5.831821 20.22067 -11.74083 3.596432 2.902114 
  56.27328 -10.26171 -1.483937 1.808859 1.619822 11.457 5.28612 11.77903 8.700799 9.608719 -6.665435 11.26268 -3.276429 
  56.54033 -12.54314 -0.1797037 2.959584 9.097001 15.99799 -0.590169 -4.265972 12.10107 22.85431 -17.89348 17.75542 5.044824 
  56.00623 -12.01666 -3.831556 -0.9233742 3.918856 16.56561 3.271676 10.70283 18.59489 23.73219 -11.23329 8.589205 -3.764535 
  55.47213 -10.26171 -2.070842 5.119404 11.12333 12.30843 -1.944931 4.734764 9.869642 8.391251 -3.620197 13.17231 -2.593081 
  57.34148 -11.84116 -1.61436 1.808859 1.828823 5.757736 -1.082809 9.724456 6.894405 8.7391 -6.462419 6.679575 1.473642 
  57.88457 -9.910727 -2.462111 1.808859 3.918856 -6.107758 -8.472417 3.020338 -1.991495 18.17229 -5.548848 7.825353 -0.05493069 
  55.07156 -8.331278 0.4072013 2.719604 11.41281 -0.930088 -10.6893 16.67089 10.18842 24.61007 1.876702 9.734982 -0.9335213 
  56.67385 -10.08622 -4.222826 1.626711 4.754868 9.754124 -5.762895 5.908809 9.019574 18.75754 2.44273 13.55424 3.616351 
  57.88457 -9.910727 -5.005366 1.991009 0.5748043 0.7958031 -2.437571 14.81198 2.006516 6.478088 5.838903 15.84579 0.3355541 
  57.74205 -6.386511 -3.896768 -1.287672 4.754868 4.894793 -4.777614 14.51847 0.7314152 -2.392028 -3.112658 3.764898 -2.300218 
  55.60565 -10.08622 -1.418725 -2.744864 11.70228 6.836418 -8.102937 20.01287 11.56978 0.3907537 -8.797102 -0.1940689 1.116524 
  57.07442 -9.033256 -0.6361852 -3.291311 2.455833 4.247583 -1.20597 10.1158 14.91993 15.83127 -10.31972 16.22772 -7.669382 
  55.73918 -10.96369 1.320165 6.079324 8.51805 -1.361559 -15.27025 10.21364 9.869642 17.87966 1.310673 10.88076 2.187878 
  57.60852 -8.857761 -3.701133 1.808859 5.044343 -3.734659 1.257233 12.46389 2.112775 11.17403 -25.53097 8.207279 10.4016 
  57.88457 -8.331278 -0.4405503 -2.744864 -4.232267 0.7958031 -8.965057 4.734764 10.93223 4.564926 -12.24837 22.72046 8.973124 
  58.31211 -6.743232 1.385376 -2.927013 0.1567993 2.090221 -6.748176 6.006646 14.10328 18.17229 -9.101625 14.70002 1.83076 
  56.80738 -7.629301 2.16893 -0.3769283 4.127859 -3.950396 -15.27025 8.061225 6.57563 13.08719 -4.838292 3.680665 -3.37405 
  54.53746 -9.735232 2.952485 1.991009 2.455833 -4.381867 -11.42826 16.9644 16.14492 21.39118 -4.432261 7.825353 -0.6406574 
  56.00623 -10.96369 -4.614096 -3.473461 8.228575 2.090221 -3.422852 31.58372 13.0574 15.53865 -7.985038 -1.120636 4.330587 
  59.73727 -18.50994 -2.3969 -1.83412 -15.72744 7.767439 -1.082809 25.5228 -4.076855 -2.565951 4.140817 -9.137997 12.5443 
  60.16481 -13.24512 2.16893 1.444561 -17.60847 20.25517 -17.55922 28.82876 4.981753 12.04365 7.53699 -13.02793 23.61497 
  60.0223 -12.01666 1.385376 2.719604 -7.15831 14.0113 -11.18194 11.58336 1.687741 12.04365 14.89536 -13.41692 13.61566 
  62.16003 -4.959628 8.045588 8.959084 -23.42653 -12.14837 -28.24105 3.448944 7.744473 20.80592 20.55565 -4.826903 0.04269123 
  69.42832 9.309198 14.31402 14.95858 -48.43408 -29.38117 -19.08519 -4.265972 2.750326 16.1239 -1.793055 -7.97102 12.18719 
  75.98404 15.01673 15.88113 12.79876 -52.00659 -38.63172 -8.226097 6.104484 -8.247572 17.58703 1.310673 -9.137997 14.68701 
  80.6608 12.51969 11.96336 14.47862 -67.72562 -42.83652 3.775287 13.83361 -13.98231 0.9125252 0.2371044 -7.97102 16.11549 
  84.4022 10.55772 7.262033 13.03874 -57.00809 -48.72323 18.38 8.256899 -5.640873 5.434546 -7.071466 -3.816103 11.83007 
  85.57139 9.66592 5.303148 11.35888 -57.7226 -54.60995 22.40889 13.83361 -11.89695 9.26087 -15.56902 -7.97102 9.68736 
  87.20825 8.060677 4.127816 11.59886 -62.00961 -45.35939 20.89806 14.51847 -12.93963 5.956317 -3.315673 -12.63893 3.259233 
  88.37744 10.02264 1.777153 9.439043 -57.7226 -44.51843 22.40889 15.20333 -16.06767 12.3915 1.310673 -18.86282 -0.3477936 
  89.54663 7.703957 -2.136053 7.039244 -58.4371 -43.67747 18.38 16.57305 -11.89695 4.564926 3.574788 -22.75274 -2.202596 
  89.54663 6.277073 0.7332592 7.039244 -62.00961 -44.51843 21.90528 21.11486 -10.33293 -2.218104 1.876702 -20.41879 -2.397839 
  89.3128 8.595757 -2.78817 12.07882 -63.43861 -35.26788 20.39445 17.16007 -6.162212 0.3907537 8.103019 -30.14361 -4.057398 
  89.54663 6.812155 -3.96198 8.959084 -64.15311 -38.63172 16.36556 14.71415 -6.683552 1.608221 3.574788 -22.36375 -7.864624 
  90.24815 5.920353 -5.005366 5.359384 -57.7226 -41.1546 20.89806 11.19201 -4.076855 -1.696332 12.06522 -27.80965 -12.21798 
  89.54663 8.417397 -4.874943 5.119404 -55.57909 -41.99556 30.46667 15.1055 -8.768911 -3.435571 17.72551 -23.91972 -15.99347 
  90.01431 8.060677 -6.961716 4.399464 -57.7226 -44.51843 28.95583 15.20333 -10.85427 -9.67453 17.15948 -21.58577 -15.15447 
  90.71582 8.239038 -9.059167 5.839344 -59.1516 -38.63172 28.45222 18.3599 -7.204893 -13.26003 21.68771 -23.91972 -10.20753 
  90.01431 9.84428 -9.059167 4.159484 -52.72109 -32.74501 31.9775 16.9644 -15.02499 -19.83345 17.15948 -19.25181 -5.131231 
  90.01431 8.239038 -11.15662 1.808859 -51.29208 -29.38117 25.93417 11.97471 -23.88776 -21.02862 17.15948 -18.08483 -6.790791 
  89.07896 13.23313 -15.70109 4.879424 -40.57457 -27.69925 29.45944 10.40932 -23.36642 -15.05278 16.02742 -10.30498 -0.05493069 
  88.61128 9.130838 -11.33141 2.355307 -37.00206 -30.22213 32.98472 8.843922 -30.14384 -15.65037 19.42359 -17.30685 6.116178 
  87.20825 9.130838 -7.835653 3.679524 -33.42955 -34.42692 32.48111 14.02929 -25.45178 -31.78513 22.81977 -11.47195 11.11583 
  86.03906 9.309198 -7.660866 7.279223 -30.57155 -30.22213 31.47389 18.91089 -23.88776 -41.34646 25.08388 -4.321503 2.902114 
  83.93452 10.55772 -7.311291 7.279223 -27.71354 -15.81589 8.811396 6.985017 -20.23839 -35.37063 25.64991 -5.079603 -3.081186 
  82.53149 8.595757 -9.408742 17.83834 -23.42653 -6.970703 15.86195 8.452574 -29.6225 -31.78513 17.72551 -11.47195 5.044824 
  81.36231 6.990515 -5.853117 15.9185 -30.57155 -11.28543 19.38722 6.104484 -21.80241 -31.18754 22.25374 -17.69584 5.75906 
  80.89463 11.27116 -4.874943 12.3188 -26.99904 -15.16868 15.86195 14.12712 -21.80241 -25.80929 23.3858 -12.63893 -3.764535 
  79.49161 13.94657 -6.505234 8.959084 -36.28756 -17.75752 8.307785 12.17038 -17.63169 -9.67453 16.02742 -20.0298 -5.424095 
  78.79009 15.37345 -4.940155 6.799263 -33.42955 -18.62046 19.38722 16.57305 -22.32375 -12.06487 15.46139 -20.41879 -10.69564 
  77.6209 14.30329 -7.311291 4.879424 -33.42955 -20.97157 11.32945 14.12712 -21.28107 -6.044429 8.103019 -28.19864 -5.228852 
  75.55649 15.01673 -7.835653 1.262413 -29.85705 -13.65853 17.37278 20.56387 -17.63169 8.565174 0.1355963 -16.91785 -7.083655 
  73.98882 13.41149 -8.010441 1.262413 -32.00055 -19.48341 8.811396 21.11486 -21.28107 0.5646782 -0.5749588 -16.91785 -7.962245 
  72.56367 13.58985 -4.744519 7.759183 -22.71203 -12.36411 7.804174 17.25791 -22.32375 -1.174561 0.1355963 -9.915983 3.973469 
  71.70857 10.37936 -9.933105 5.359384 -25.57004 -14.73721 6.796953 10.8985 -33.27188 -0.3049412 9.235076 -16.91785 -4.15502 
  70.1409 7.882317 -3.57071 6.319304 -25.57004 -12.14837 20.89806 29.37975 -10.33293 1.782145 -2.909641 -18.86282 -9.524184 
  69.00078 6.990515 -7.486078 3.679524 -19.9075 -14.52147 12.84028 24.97181 -12.41829 13.78289 0.3386126 -25.86469 -10.30515 
  68.2882 11.62788 1.254952 3.439544 -24.14104 -20.13062 3.271676 25.5228 -7.204893 7.521631 -6.766943 -23.53073 0.530797 
  66.57801 10.201 1.777153 1.808859 -18.23548 -20.97157 -1.45229 7.376366 -5.640873 14.9534 -6.259403 -14.97289 -5.716959 
  65.86543 7.703957 -2.462111 -13.12736 -22.71203 -22.65349 -7.856616 0.4487 -10.33293 5.260622 -11.03028 -15.75088 2.544996 
  64.72531 8.774118 2.560708 -3.837759 -14.26442 -17.54178 7.804174 25.5228 -1.991495 15.53865 -6.056387 -14.97289 5.75906 
  64.86783 5.028551 -3.831556 -3.655609 -8.830336 -19.26767 2.264454 16.9644 -11.89695 23.73219 -3.518689 -17.30685 1.116524 
  65.01035 5.920353 0.4072013 4.879424 -7.785319 -24.33541 2.264454 18.91089 -15.54633 18.75754 4.140817 -13.80591 -1.519248 
  62.01752 2.531507 0.2767777 7.039244 -0.2612076 -10.85396 5.28612 23.31883 -12.41829 9.086946 -7.680514 -10.30498 -5.424095 
  61.01991 0.5695424 0.798471 -2.380566 -2.351238 -3.734659 -3.053371 6.397995 -0.427475 21.39118 3.574788 8.97113 4.330587 
  61.30494 -1.927503 0.8636827 3.679524 -4.650272 -2.440241 5.28612 5.419624 -1.991495 15.24602 -1.894562 -7.193033 -1.519248 
  61.44745 -0.6789799 0.211566 1.262413 -5.277283 -12.36411 -0.590169 15.88819 -6.162212 8.7391 -3.823213 -6.026054 -1.031142 
  60.73488 -0.5006199 1.320165 -3.291311 -5.904291 -9.559538 2.768065 10.1158 -1.470156 11.34796 -13.24457 -13.02793 1.116524 
  58.31211 -4.959628 -4.157615 -6.205695 -9.666348 -12.36411 12.33667 32.13472 10.18842 13.26112 -13.24457 -19.6408 -12.63748 
  58.1696 -4.067826 -5.657483 -5.29495 0.1567993 -11.06969 8.307785 28.27777 4.344203 12.04365 -19.88587 -4.99537 -7.278897 
  58.31211 -4.781268 -0.7013969 -2.380566 -1.306223 -2.871714 8.307785 16.27954 0.9439321 4.043155 -22.54239 -4.658436 5.75906 
  57.07442 -6.921592 2.16893 -3.109161 -2.351238 -4.381867 -2.683891 15.49684 9.444609 16.41653 -11.53782 13.93616 6.116178 
  57.74205 -6.743232 -2.201265 -2.016268 1.201815 -5.676285 -0.590169 21.66585 7.213181 15.24602 -11.3348 4.775698 -3.666914 
  59.02469 -5.673069 -3.57071 2.719604 -3.396254 -10.63822 -16.79623 7.278528 6.788147 24.02481 -0.3719435 8.97113 -5.131231 
  57.20795 -4.959628 2.16893 3.919504 4.127859 -17.97325 -6.994495 16.08387 -0.9488144 20.80592 -18.55761 -3.47917 19.68667 
  56.27328 -9.384244 2.16893 3.919504 4.336861 -9.343801 -11.42826 18.3599 12.41984 26.65845 -19.5538 -3.816103 8.258886 
  57.34148 -5.673069 0.6028361 8.719103 2.87384 -5.460548 2.768065 8.354736 8.382024 21.39118 -6.056387 1.153665 0.9212818 
  61.30494 4.49347 4.91137 0.8981152 -10.08435 -22.65349 -11.3051 -0.8371201 -6.162212 13.78289 -11.94385 -9.137997 -5.326474 
  64.72531 13.23313 10.00447 6.319304 -7.994323 -29.38117 -26.71507 -6.837612 -6.162212 12.3915 -13.57663 3.933365 -10.30515 
  64.29777 15.37345 22.93312 10.63894 -3.81426 -23.49445 -35.87093 -7.266218 -7.204893 10.47834 -6.259403 3.680665 -15.57397 
  64.72531 15.72582 20.19068 6.319304 -6.322298 -20.13062 -37.3969 -13.26671 -8.247572 11.52188 -1.387022 1.659064 -5.619337 
  66.29298 15.01673 13.53047 -0.01263046 -20.95252 -36.10884 -29.00404 -15.40974 -12.93963 11.17403 -11.03028 -1.036403 -5.03361 
  65.86543 17.11792 15.88113 0.5338173 -14.26442 -34.42692 -38.92288 -2.551546 -10.33293 7.521631 1.310673 4.101831 -3.959777 
  68.00317 18.33601 16.27291 5.359384 -22.71203 -36.10884 -24.42611 -12.4095 -5.119534 24.90269 -7.579006 -3.310703 6.116178 
  67.57562 20.42416 20.97423 3.199564 -26.28454 -37.79076 -33.58196 -0.408514 -5.640873 10.30441 -9.812181 0.1428642 -3.37405 
  68.43072 19.20607 20.58246 5.119404 -24.85554 -41.1546 -41.21184 12.46389 -5.119534 -8.479362 -6.563927 -1.541803 -9.621805 
  69.99838 20.94619 22.54134 4.879424 -24.14104 -25.17637 -39.68587 6.397995 8.063248 -11.46728 -7.37599 -5.637062 -10.89088 
  71.28103 19.55409 23.71667 1.444561 -16.77245 -31.90405 -32.05598 3.877552 -1.470156 -11.46728 2.44273 1.406364 -15.57397 
  77.85474 19.38008 13.13869 -9.484376 -30.57155 -71.42913 -6.748176 20.56387 2.537809 -27.00446 -1.184007 13.55424 -28.99791 
  81.36231 20.77218 8.045588 -11.85231 -19.07149 -73.95201 -1.082809 43.15457 -2.512835 -21.02862 -8.391069 19.28313 -26.06142 
  82.06382 20.07613 7.262033 -15.67744 -19.6985 -58.81474 -6.501855 39.84861 7.638215 -19.83345 -6.157895 19.28313 -38.22687 
  81.36231 20.07613 4.519593 -18.40968 -28.42804 -53.76899 -0.7133293 33.2367 4.131686 -10.27211 -10.42123 3.849132 -27.31992 
  83.23301 19.90212 2.952485 -20.59546 -22.71203 -57.13282 0.6414318 34.88968 4.769237 -9.67453 -5.244324 -2.047203 -14.31547 
  83.23301 22.86033 -1.353514 -20.23116 -24.85554 -46.20036 -2.437571 26.62479 19.00322 -12.66245 -7.477499 -1.457569 -18.09096 
  82.29766 24.07841 -1.875207 -23.30887 -29.14254 -47.88227 1.257233 23.31883 10.18842 -16.24795 -5.954879 -3.47917 -16.41296 
  82.99918 24.25243 0.7332592 -26.51563 -26.28454 -38.63172 5.789731 15.98603 11.251 -3.783419 -9.203133 -8.360012 -15.15447 
  83.23301 25.12249 -2.266477 -23.30887 -28.42804 -34.42692 0.1487913 17.25791 18.18656 -13.85762 -7.274482 -2.468369 -18.92995 
  83.70068 21.99027 -5.657483 -23.30887 -32.00055 -34.42692 -5.516574 12.85524 23.90317 -21.6262 -17.56141 4.354531 -23.54443 
  84.4022 23.38237 -7.136503 -19.68472 -27.71354 -28.54021 -7.610296 14.90982 29.61977 -13.26003 -17.22935 -5.637062 -12.21798 
  83.46685 24.07841 -6.505234 -22.0755 -29.85705 -21.81253 -12.29038 5.615298 39.41966 -16.84553 -19.5538 -9.915983 -6.69317 
  82.99918 23.73039 -7.486078 -26.26896 -29.14254 -22.65349 -9.950338 1.734518 38.603 -19.83345 -17.56141 -7.582027 -10.79326 
  84.16836 23.38237 -9.583529 -20.04902 -25.57004 -20.97157 -9.827179 11.77903 30.0281 -19.23587 -12.9125 -7.193033 -10.30515 
  83.70068 24.77446 -12.38013 -22.56885 -25.57004 -15.16868 -6.501855 4.306158 23.90317 -15.05278 -7.579006 -12.24994 -6.302685 
  82.76534 25.99255 -16.22546 -25.52893 -19.07149 -23.49445 -0.2206888 7.278528 15.32826 -13.85762 -4.838292 -6.415049 -11.37899 
  81.82999 26.51459 -10.80704 -27.00897 -20.74351 -18.8362 6.796953 10.1158 20.22821 -12.66245 -4.9398 -4.74267 -6.986033 
  81.59615 25.2965 -11.33141 -26.51563 -16.98146 -20.97157 1.760844 14.90982 20.63654 -20.43104 -15.56902 -3.142236 -1.324005 
  82.06382 24.25243 -12.55492 -26.7623 -15.10043 -11.28543 4.278898 0.02009201 19.41155 -13.85762 -8.492578 -6.804041 1.83076 
  81.12847 25.2965 -13.42886 -28.24234 -9.039338 -2.224504 -0.4670086 0.877306 19.00322 -13.26003 -10.72575 -1.878736 6.116178 
  79.95928 21.46823 -16.92461 -19.68472 -12.80139 -5.892021 1.010912 11.38769 7.850731 -6.914048 -4.838292 -5.637062 2.902114 
  77.85474 23.73039 -13.07928 -20.23116 -2.560242 -5.244813 2.768065 0.02009201 11.251 5.956317 -2.402102 -1.626036 -4.545504 
  74.7014 21.99027 -6.896504 -21.82883 -7.576317 -6.970703 -5.516574 -6.837612 12.41984 -2.218104 -12.58044 6.29765 -5.912201 
  74.7014 20.94619 -11.68098 -22.32218 0.3658028 -5.676285 -6.871336 8.256899 18.59489 15.53865 -10.31972 -9.915983 -9.133699 
  73.13373 19.20607 -11.50619 -23.30887 5.623294 -1.145824 0.2719517 10.50715 17.77823 10.30441 -15.23696 -14.5839 -15.15447 
  71.85109 15.72582 -14.30279 -23.30887 3.918856 -4.166131 -11.79774 -4.265972 0.09386444 4.912774 -11.3348 -0.8679361 -15.15447 
  71.56606 17.81397 -8.534804 -27.99567 -3.81426 10.88937 -2.06809 -0.408514 4.131686 7.521631 -4.330752 7.825353 -4.447883 
  70.1409 15.89984 -10.28268 -34.90253 -19.48949 -6.754967 -0.8364897 8.941759 9.869642 10.65226 -8.086546 2.417164 -9.426563 
  68.14568 17.11792 -9.059167 -33.91583 -21.57952 -4.597604 3.271676 15.49684 28.80311 19.34279 -21.87826 2.838331 -3.862156 
  66.15047 14.30329 -8.884379 -34.16251 -21.99753 -12.36411 6.796953 21.66585 16.14492 9.434793 -16.23315 3.175264 -8.450352 
  65.86543 12.51969 -5.983541 -24.54224 -16.98146 -10.42248 -2.807052 17.8089 10.82597 16.70915 -3.011149 3.343731 -10.40277 
  64.29777 10.55772 -6.440022 -27.25565 -11.54738 -4.166131 -4.654453 4.306158 -1.470156 7.521631 -3.112658 17.3735 -11.37899 
  63.58519 5.920353 -4.940155 -20.84214 -12.17439 -1.145824 -14.01462 3.448944 -1.470156 8.217327 3.574788 13.17231 2.544996 
  63.7277 4.67183 -9.408742 -18.22753 -6.531301 4.46332 -6.255535 16.57305 -0.9488144 18.75754 -3.315673 0.9851975 -9.036078 
  61.73249 3.423307 -13.07928 -20.41331 -6.113295 5.973473 -8.841898 8.941759 -7.726233 11.86973 -21.87826 -2.215669 -4.15502 
  60.59236 1.282984 -8.010441 -16.40604 -1.306223 6.404945 -3.546012 8.061225 3.81291 12.91327 -19.88587 5.915724 -2.49546 
  61.58997 3.601668 -7.486078 -18.22753 -3.605257 -1.145824 -12.16722 9.822292 1.262707 11.34796 -7.985038 8.207279 0.4331751 
  61.73249 2.353146 -5.005366 -20.59546 -12.38339 -5.892021 -21.37415 10.31148 19.81988 20.22067 -18.22554 3.427964 3.259233 
  60.44984 3.423307 -4.940155 -24.54224 -5.068279 2.305958 -4.408133 17.8089 17.36991 16.41653 -30.17988 -10.30498 0.3355541 
  61.16242 -1.214061 -7.660866 -11.30587 -6.113295 -8.696593 -13.52198 8.452574 11.14474 15.53865 -17.56141 -14.1949 -7.278897 
  60.73488 1.282984 -4.027191 -11.67016 0.5748043 -1.145824 0.6414318 12.85524 2.112775 15.24602 -11.3348 4.101831 -3.471672 
  58.02708 -1.927503 0.2767777 -8.209333 -6.113295 -7.617911 -3.176532 21.11486 13.16365 12.91327 -24.20271 -5.24807 1.83076 
  58.73966 -1.035701 3.344262 -6.205695 -7.785319 -5.029077 -1.32913 22.21685 18.18656 26.65845 -1.691546 -7.193033 -11.79848 
  58.02708 -3.176025 1.777153 -12.39876 -12.17439 2.521692 1.257233 22.21685 17.77823 11.00011 -11.43631 5.533798 4.330587 
  57.20795 -3.176025 2.16893 -12.58091 -2.769245 0.3643303 5.789731 18.91089 0.9439321 5.956317 -11.03028 -1.204869 3.259233 
  57.74205 -1.927503 -1.288302 -18.40968 -7.994323 3.168901 1.760844 19.46188 7.425698 18.75754 -11.03028 5.915724 4.687705 
  57.20795 -2.462584 -1.353514 -13.6738 -1.097219 0.5800667 8.307785 23.31883 8.488282 21.6838 -6.056387 5.533798 -3.862156 
  59.59475 2.709867 2.16893 -7.11644 0.5748043 -2.871714 2.768065 7.669877 0.8376736 17.29441 -22.21032 -4.574203 -2.202596 
  62.01752 8.239038 10.78803 -7.662887 -16.35445 -21.81253 -27.47806 -3.40876 -9.811592 0.04290581 -25.53097 -14.5839 -7.376518 
  63.01513 10.55772 13.92225 -2.562716 -11.54738 -30.22213 -41.21184 0.02009201 0.5188982 8.391251 -11.13178 -16.52886 -28.15891 
  63.58519 10.37936 16.27291 1.262413 -11.33837 -29.38117 -40.44885 1.305912 3.919169 10.13049 -9.812181 -10.30498 -13.47648 
  62.87261 13.23313 19.40713 -1.287672 -13.84641 -23.49445 -38.15989 4.734764 2.325292 8.217327 -11.74083 1.574831 -5.814579 
  62.44506 14.48165 22.93312 1.808859 -13.84641 -30.22213 -35.87093 1.305912 3.81291 9.608719 -16.56522 -6.804041 -1.71449 
  63.15764 14.12493 22.54134 4.879424 -12.80139 -27.69925 -44.26379 -8.552038 -6.162212 0.7386017 -9.101625 -7.582027 -17.67146 
  65.43789 15.01673 19.7989 6.559284 -19.6985 -30.22213 -40.44885 -5.551792 -5.119534 -0.8267131 -10.52274 -2.047203 -10.40277 
  65.29537 17.11792 21.75779 7.279223 -15.51843 -37.79076 -43.50081 -1.694334 -5.119534 9.608719 -7.37599 -10.30498 -8.157488 
  66.4355 17.46595 26.06734 6.799263 -15.51843 -38.63172 -43.50081 9.430944 2.006516 -4.30519 5.838903 -6.415049 -7.474139 
  67.57562 17.46595 20.97423 10.15898 -16.98146 -41.1546 -46.55276 4.306158 5.831821 -4.479114 -1.894562 -0.1098356 -10.20753 
  68.2882 17.63996 14.31402 7.039244 -10.08435 -53.76899 -53.41965 8.354736 -0.9488144 -9.67453 5.272874 5.533798 -18.51045 
  69.57084 17.46595 13.92225 0.8981152 -20.74351 -51.24611 -53.41965 6.397995 2.325292 -24.61412 4.140817 0.2270975 -15.99347 
  73.98882 17.46595 13.53047 0.5338173 -34.14405 -52.08707 -36.63391 27.17578 8.275765 -28.79721 14.89536 1.995998 -14.31547 
  78.32242 17.98798 1.777153 -6.934291 -39.86007 -50.40515 -19.84818 33.78769 7.000664 -29.99237 19.42359 -9.137997 -15.57397 
  79.72544 16.94391 -1.875207 -16.77033 -42.00357 -48.72323 -20.61117 34.88968 -3.034174 -28.19962 19.42359 -3.73187 -34.45139 
  81.59615 15.19509 0.2767777 -27.00897 -41.28907 -38.63172 -16.03324 24.97181 -6.683552 -10.8697 13.19728 -0.6994691 -34.87088 
  82.29766 16.7699 0.5376244 -27.00897 -38.43106 -36.10884 -12.04406 26.0738 -3.555513 -6.392276 9.801105 14.31809 -32.77339 
  82.53149 17.29193 -3.114228 -23.0622 -39.86007 -41.99556 -3.792333 27.17578 -1.470156 -12.06487 15.46139 13.93616 -23.54443 
  81.82999 14.48165 -12.55492 -30.70908 -49.14858 -37.79076 -14.50726 12.85524 -0.427475 -15.65037 17.15948 -1.289103 -25.22243 
  82.53149 15.37345 -8.010441 -29.22904 -47.00508 -24.33541 -2.683891 7.865551 8.382024 -5.000885 10.36713 -0.5310025 -29.41741 
  82.76534 19.20607 -11.85577 -27.50232 -33.42955 -27.69925 -3.915493 10.50715 19.41155 -13.85762 6.404932 -5.637062 -26.48092 
  83.46685 19.38008 -13.25407 -25.28226 -30.57155 -24.33541 -19.08519 14.22496 27.1698 -22.82137 -2.706626 -9.526991 -22.28594 
  82.76534 19.55409 -10.63226 -27.00897 -38.43106 -20.97157 -16.03324 9.235271 22.67818 -27.00446 -11.23329 -12.63893 -14.73497 
  82.53149 20.25014 -2.462111 -28.98236 -35.57306 -15.81589 2.264454 -0.8371201 22.67818 -16.24795 -16.56522 -7.582027 -10.69564 
  82.76534 19.72811 -7.486078 -25.03559 -34.14405 -8.480857 -8.595577 1.734518 19.41155 -19.23587 -10.72575 -18.86282 -2.49546 
  81.59615 17.63996 -9.408742 -31.20243 -39.14556 -15.38442 -5.147094 -3.837366 1.581483 -18.63828 -9.609165 -20.80778 -22.28594 
  83.23301 17.98798 -10.80704 -21.82883 -35.57306 -8.480857 -1.082809 3.448944 20.22821 -28.19962 -9.203133 -13.02793 -13.47648 
  81.82999 20.94619 -12.03056 -23.80222 -26.28454 -11.93264 4.278898 9.430944 12.5261 -24.61412 -14.24076 -15.75088 -12.21798 
  82.29766 20.25014 -10.28268 -29.72238 -26.28454 -14.73721 -16.03324 6.495831 14.10328 -17.44312 -12.24837 -20.0298 -11.37899 
  82.53149 22.5123 -7.486078 -28.98236 -28.42804 -19.91488 -10.56614 4.734764 20.22821 -5.174809 -9.101625 -18.86282 -6.888412 
  82.06382 23.03434 -9.933105 -26.51563 -21.16152 -12.79558 -12.29038 9.626618 25.12815 -12.06487 -12.9125 -6.026054 -3.569293 
  80.19312 18.68403 -10.80704 -27.25565 -13.4284 -11.28543 -13.1525 2.591732 12.5261 -22.22379 -6.462419 1.237898 4.330587 
  79.72544 20.94619 -10.98183 -25.77561 -5.486286 -11.06969 -6.501855 1.734518 11.251 -11.46728 -9.406149 -5.163836 -9.914669 
  77.6209 20.42416 -12.55492 -16.22389 5.91277 -8.049384 -8.841898 4.832601 7.106922 -14.4552 -21.87826 2.417164 -5.521716 
  76.21788 18.162 -11.50619 -20.41331 -2.978249 2.521692 -12.04406 -5.551792 0.4126398 -16.84553 -17.22935 -0.8679361 -10.5004 
  76.21788 20.42416 -7.486078 -20.59546 -3.605257 2.090221 -8.102937 0.4487 13.37617 -9.67453 -24.20271 0.9009643 -5.03361 
  73.27625 18.85805 -6.896504 -23.30887 3.291845 -1.145824 -3.176532 6.397995 4.450461 -15.05278 -33.50053 -0.9521694 1.018903 
  72.70618 18.68403 -10.10789 -22.0755 3.918856 6.189209 1.257233 7.865551 3.494135 -20.43104 -14.57283 3.680665 6.473296 
  70.85348 17.81397 -6.570446 -22.32218 -6.531301 12.02462 10.32223 13.05092 3.919169 -12.66245 -4.026229 8.97113 1.473642 
  68.43072 13.94657 -13.42886 -30.21573 -2.142235 15.99799 3.775287 20.01287 4.662978 -4.653038 -4.026229 1.911765 -6.107443 
  68.57323 18.162 -4.483673 -25.52893 -10.92037 12.87606 1.760844 17.8089 16.14492 0.2168303 -8.594086 2.080231 -7.278897 
  66.57801 12.16296 -5.266212 -25.77561 -10.92037 4.247583 -6.871336 11.19201 14.10328 9.956566 13.19728 10.49883 -13.05698 
  65.86543 9.66592 -5.592271 -22.81553 -13.4284 4.46332 -6.378695 15.00766 14.91993 15.24602 6.970961 13.55424 -8.059866 
  65.43789 8.417397 -6.896504 -24.29557 -8.412329 10.88937 10.32223 2.591732 4.769237 22.85431 -0.4734507 10.11691 -5.912201 
  64.72531 11.0928 -5.396636 -30.70908 -17.81747 3.600374 14.85473 18.3599 0.3063813 7.347708 -2.706626 5.449565 -7.669382 
  65.29537 10.73608 -6.048753 -34.16251 -19.07149 -2.440241 -0.3438492 18.3599 4.237944 2.129992 -1.894562 4.017598 -13.89598 
  64.01273 8.417397 -6.179176 -33.42249 -18.02647 -2.224504 -5.023933 13.5401 1.794 16.41653 3.008759 8.589205 0.7260389 
  62.16003 5.028551 -1.940418 -23.55555 -21.57952 -8.049384 6.796953 24.42082 3.281618 11.34796 5.838903 13.17231 3.259233 
  60.44984 4.315109 -8.185228 -22.81553 -6.113295 -1.793032 4.782509 15.00766 1.368966 9.086946 -10.82726 2.669865 -1.031142 
  61.44745 2.531507 -3.766345 -12.03446 -3.18725 0.5800667 -0.8364897 -0.8371201 3.175359 12.3915 -14.24076 10.49883 -3.666914 
  59.73727 3.601668 -1.483937 -19.50257 -9.457345 -8.049384 -5.762895 -0.8371201 -3.034174 19.34279 -12.9125 2.754098 1.83076 
  59.87978 3.244947 0.8636827 -12.03446 -6.322298 -7.833648 -10.81246 17.8089 14.10328 11.86973 -16.56522 -4.153036 -1.909733 
  58.88218 -1.392421 -1.549149 -6.934291 -9.039338 0.5800667 -12.29038 11.19201 5.513045 10.65226 -6.462419 10.49883 -3.569293 
  58.59715 -4.424547 -4.092403 -6.205695 -2.560242 -0.2828789 -12.29038 15.1055 9.232091 18.46491 9.801105 20.04698 6.473296 
  58.02708 -5.137989 -2.78817 -2.744864 2.455833 -9.559538 -11.18194 10.1158 5.619304 21.39118 -7.88353 5.449565 -5.814579 
  57.88457 -4.424547 0.0811429 1.808859 2.87384 -9.128065 -16.79623 4.306158 -0.9488144 9.782642 -10.1167 2.501398 -5.716959 
  59.59475 -1.749142 0.4724131 2.173157 0.7838078 -9.559538 -9.827179 11.28985 -2.512835 5.434546 -9.507657 -1.120636 4.687705 
  61.30494 5.206911 5.694925 -7.298589 -9.248342 -14.73721 -19.08519 -4.265972 -3.034174 6.478088 -14.24076 -0.8679361 -4.838368 
  64.72531 12.69805 12.74691 -0.7412262 -21.37052 -21.81253 -24.42611 -6.409004 -4.598194 7.347708 -16.23315 2.332931 -4.643126 
  65.15285 15.01673 13.92225 -6.205695 -15.93644 -17.32604 -33.58196 -11.98089 -7.204893 5.782393 -12.24837 -2.552603 -10.69564 
  67.57562 12.69805 14.7058 3.679524 -21.99753 -22.65349 -22.90013 -22.69605 -11.89695 13.78289 -27.85543 8.207279 -0.9335213 
  68.14568 12.16296 10.00447 5.119404 -32.00055 -36.9498 -24.42611 -21.41023 -7.726233 16.1239 -28.85162 0.1428642 -6.009822 
  68.2882 15.89984 15.48935 2.959584 -23.42653 -23.49445 -32.81897 -8.552038 5.831821 16.70915 -9.913689 0.3955641 -6.69317 
  67.14808 17.29193 16.66469 6.079324 -23.42653 -32.74501 -38.92288 -8.123431 7.106922 8.217327 -8.797102 7.061502 -10.40277 
  68.14568 16.94391 16.66469 1.808859 -24.14104 -35.26788 -39.68587 -5.980398 6.681889 4.73885 -15.90109 10.49883 -11.28137 
  68.43072 15.55181 15.48935 -5.112801 -30.57155 -36.9498 -41.97483 -9.837857 -6.162212 5.434546 -6.665435 12.79039 -25.22243 
  69.1433 16.7699 20.97423 -4.202057 -25.57004 -35.26788 -38.15989 -4.69458 4.344203 13.08719 -7.88353 10.11691 -13.05698 
  70.71097 17.11792 17.05646 0.1695194 -30.57155 -30.22213 -45.02678 5.321787 10.08216 -3.957342 2.44273 4.354531 -11.28137 
  75.41398 16.94391 5.303148 -10.57727 -42.71807 -37.79076 -32.05598 34.33868 18.59489 -31.18754 11.49919 -3.73187 -20.18845 
  78.32242 17.11792 -5.266212 -9.666525 -45.57607 -45.35939 -13.27566 32.13472 12.31359 -32.38271 7.53699 -4.237269 -26.48092 
  80.89463 18.162 -6.048753 -10.94157 -42.00357 -38.63172 -10.0735 28.27777 9.763384 -16.24795 6.970961 -5.24807 -28.15891 
  81.82999 18.85805 -3.896768 -15.13099 -42.00357 -31.06309 -10.0735 22.76784 13.58869 -18.63828 4.140817 -3.98457 -24.80293 
  81.36231 18.51002 -5.201001 -18.40968 -52.72109 -28.54021 -12.41354 13.63794 10.40093 -34.17546 9.801105 -11.08296 -30.2564 
  82.53149 19.20607 -3.114228 -18.59182 -47.00508 -20.13062 -11.18194 15.00766 10.93223 -22.82137 4.706845 -5.24807 -26.90042 
  83.23301 17.29193 4.519593 -21.08881 -49.86308 -11.93264 -5.393414 11.19201 6.469372 -13.26003 3.008759 -5.637062 -28.57841 
  83.93452 15.55181 5.303148 -25.28226 -49.86308 -11.28543 -5.023933 7.767714 5.406787 -11.46728 -5.548848 3.849132 -32.35389 
  83.70068 12.69805 3.736039 -29.47571 -52.00659 -11.06969 -5.393414 3.877552 4.131686 -16.84553 -12.58044 0.1428642 -31.0954 
  83.93452 14.48165 2.16893 -25.03559 -44.86157 -5.244813 4.782509 4.306158 10.18842 -20.43104 -11.74083 -2.384136 -21.44694 
  83.70068 16.42187 -3.766345 -22.0755 -39.14556 -3.08745 -1.082809 9.626618 8.169507 -27.00446 -13.57663 -9.915983 -20.60795 
  83.70068 16.59588 -7.486078 -20.41331 -38.43106 -14.73721 -6.132375 11.77903 7.319439 -30.58996 -20.55 -9.526991 -18.51045 
  85.33755 19.03206 -7.136503 -20.41331 -32.71505 -17.75752 -13.27566 15.30117 20.22821 -15.65037 -19.88587 -0.9521694 -28.99791 
  84.4022 22.86033 -9.583529 -20.59546 -36.28756 -18.62046 -13.7683 10.99634 31.25309 -14.4552 -10.92877 -9.915983 -18.51045 
  83.70068 21.81626 -13.77843 -24.29557 -32.00055 -18.18899 -9.334538 0.02009201 24.3115 -17.44312 -7.579006 -9.137997 -1.519248 
  82.06382 21.46823 -10.80704 -20.41331 -18.02647 -19.05193 -1.20597 9.137433 17.36991 -21.02862 -5.244324 2.080231 3.259233 
  82.06382 20.25014 -10.10789 -26.26896 -17.19046 -3.734659 3.775287 2.591732 10.29468 -19.83345 -8.797102 -15.75088 -3.764535 
  82.06382 20.25014 -11.33141 -26.26896 -15.10043 -4.381867 -4.777614 0.877306 15.32826 -16.84553 -11.13178 -10.30498 -0.05493069 
  81.12847 17.63996 -11.85577 -18.40968 -7.367313 -5.244813 1.760844 -1.265728 6.681889 -15.65037 -10.31972 0.9009643 1.83076 
  80.42696 18.51002 -14.65237 -17.86323 -15.93644 2.305958 -3.915493 -12.8381 6.788147 -10.8697 -8.695594 2.164464 -16.41296 
  80.89463 19.03206 -18.14812 -14.22025 -5.277283 -8.049384 -8.226097 -10.69507 8.063248 -12.66245 -11.53782 5.281098 -10.40277 
  78.32242 17.46595 -15.70109 -18.95612 -4.650272 -4.597604 -3.546012 -12.8381 -3.034174 -17.44312 -9.812181 -0.8679361 -15.57397 
  75.12894 17.63996 -13.42886 -20.59546 2.455833 2.090221 -9.457698 -13.26671 7.744473 4.043155 -9.507657 3.259498 -9.524184 
  73.13373 17.11792 -15.00194 -20.59546 2.24683 2.737429 -16.03324 -3.40876 12.73862 -4.479114 -14.90489 0.5640311 -12.63748 
  72.84869 18.162 -14.12801 -21.08881 -5.068279 -1.793032 -15.27025 3.020338 12.41984 0.04290581 -7.782022 -6.415049 -14.31547 
  70.42593 12.34133 -11.50619 -18.59182 -2.978249 3.816111 -22.13714 -2.980152 13.69495 -7.957591 -0.5749588 0.816731 -10.89088 
  70.56845 11.44952 -9.933105 -20.84214 -15.93644 1.443012 -8.349257 10.60499 9.550867 4.912774 -6.360911 0.3113308 -7.571761 
  70.28342 12.69805 -13.07928 -23.30887 -6.531301 16.56561 -8.595577 3.020338 11.14474 -2.565951 -9.507657 6.29765 -2.202596 
  67.14808 10.201 -10.45747 -31.69577 -15.51843 8.051251 -2.191251 11.6812 14.10328 1.260373 -3.315673 3.512197 -21.02744 
  66.57801 10.201 -8.360016 -30.21573 -10.50236 7.767439 0.02563095 18.91089 21.86152 6.478088 -10.21821 -12.24994 -16.41296 
  64.58279 7.882317 -6.961716 -25.28226 -12.17439 -0.06714249 -10.6893 8.159062 8.063248 13.26112 -9.710672 5.533798 -3.862156 
  63.87022 5.385272 -7.660866 -21.08881 -4.023264 6.836418 -8.718738 3.877552 -1.991495 11.52188 -9.406149 12.02654 -0.3477936 
  62.87261 7.168875 -7.660866 -26.26896 -1.933231 1.658749 -20.61117 -4.265972 -7.204893 2.651764 -6.462419 -1.878736 -4.447883 
  62.87261 5.206911 -6.505234 -22.81553 -4.859276 4.031847 2.264454 9.137433 -5.640873 9.086946 -5.650355 -4.153036 -5.814579 
  61.16242 3.244947 -5.070578 -20.41331 0.1567993 5.110529 -5.023933 0.02009201 -10.33293 2.651764 -11.63932 4.017598 2.544996 
  59.73727 2.531507 -7.311291 -17.13463 -0.6792145 7.767439 -9.704019 21.11486 6.150596 3.173535 -1.691546 -3.98457 -21.02744 
  60.59236 -1.035701 -9.758317 -18.22753 -8.830336 4.031847 -3.299692 19.46188 13.16365 4.564926 -1.590038 7.061502 -11.79848 
  59.30972 -0.143899 -5.461848 -12.21661 6.781197 7.052155 1.760844 6.88718 -4.598194 12.56542 -15.56902 13.93616 5.75906 
  58.73966 -2.462584 -4.35325 -10.94157 0.9928112 5.326265 -4.900774 8.452574 2.219033 13.78289 -15.23696 3.933365 -0.2501726 
  56.9409 -1.927503 1.385376 -5.659247 0.9928112 2.953165 -1.32913 17.8089 -4.076855 12.3915 -21.21413 -2.805303 0.4331751 
  56.80738 -2.105863 0.1463547 -6.023546 6.781197 -3.303186 -7.240816 12.56173 1.900258 21.97643 -14.90489 -11.08296 -0.9335213 
  56.4068 -9.033256 -5.787906 -6.387844 5.623294 9.1865 4.782509 23.31883 16.55325 21.97643 -8.898609 1.911765 -10.79326 
  55.47213 -8.506772 -4.483673 -10.57727 7.939099 11.17318 3.271676 26.0738 13.0574 20.80592 -14.57283 -11.86095 -17.25196 
  55.8727 -6.208151 -0.7666087 -2.198418 7.360148 -1.145824 -6.378695 17.06224 8.169507 17.29441 -12.9125 -2.805303 -8.157488 
  56.80738 -5.85143 1.124529 -1.105524 -0.888216 3.384638 -5.023933 16.57305 8.275765 14.07552 -11.43631 5.533798 -5.814579 
  55.73918 -7.804795 -1.679572 -3.473461 3.709852 -4.597604 -5.270254 22.76784 18.18656 17.00178 -12.9125 -7.193033 -1.71449 
  55.07156 -12.89413 -1.940418 -0.5590763 5.333819 20.82279 7.300563 18.91089 16.96158 21.97643 -13.9087 -0.6152358 -1.128763 
  56.13975 -11.31468 -3.701133 7.039244 9.965428 14.57893 -3.546012 13.44227 -8.247572 5.086698 -5.751863 17.3735 6.473296 
  56.27328 -9.910727 -3.635921 5.599364 12.57071 7.052155 -2.807052 14.02929 5.513045 25.78057 3.008759 13.93616 -2.690702 
  57.07442 -9.384244 -8.185228 1.444561 4.545864 6.189209 3.271676 25.5228 14.10328 10.65226 -2.097578 4.438765 -0.1525517 
  55.07156 -9.033256 -2.722958 1.262413 11.99176 -1.793032 -2.807052 20.01287 6.150596 -2.392028 -8.695594 8.207279 6.116178 
  54.93803 -11.13919 -4.027191 9.439043 20.09707 10.03794 -5.639734 10.31148 -11.37561 8.043404 -5.751863 12.79039 4.330587 
  55.20508 -8.682266 -0.5057621 2.959584 12.28123 2.953165 -10.19666 12.17038 1.05019 8.913023 -7.579006 8.207279 -6.302685 
  54.2704 -7.278313 1.385376 -2.380566 14.88651 7.267891 -2.314411 19.46188 5.300529 15.24602 -5.751863 10.11691 6.830414 
  56.4068 -7.453807 -0.7666087 4.399464 11.12333 9.1865 -3.053371 12.65957 -0.9488144 -3.087723 -10.21821 4.944165 8.258886 
  53.46926 -9.910727 -1.027455 -3.655609 7.939099 10.03794 10.82584 26.62479 14.5116 10.47834 -2.706626 7.061502 12.18719 
  55.07156 -8.857761 -2.201265 -3.473461 7.649623 7.483627 -3.915493 13.93145 5.513045 21.97643 -3.721704 15.08194 9.68736 
  56.00623 -9.033256 1.777153 -0.5590763 6.781197 10.32175 -5.270254 18.91089 14.5116 10.13049 -7.782022 4.944165 -4.935989 
  60.0223 1.104624 10.39625 1.626711 -1.72423 -9.559538 -19.84818 4.734764 7.000664 14.07552 -11.13178 10.49883 -12.21798 
  60.59236 8.239038 15.48935 -5.477098 -9.457345 -14.52147 -36.63391 -0.408514 -6.162212 5.260622 -19.88587 -3.22647 -1.226384 
  61.875 7.525596 14.31402 0.1695194 -21.78853 -20.97157 -34.34495 -6.837612 -7.204893 -3.087723 -9.000117 -5.24807 -9.23132 
  63.7277 8.952478 12.74691 6.559284 -24.14104 -31.06309 -29.00404 -15.40974 -5.119534 16.1239 -10.1167 -1.120636 2.544996 
  66.15047 7.347236 16.66469 14.7186 -29.14254 -19.48341 -19.84818 -22.26745 -10.85427 27.2437 -14.90489 -1.036403 15.75837 
  66.00795 10.73608 19.7989 12.55878 -32.00055 -25.17637 -31.293 -16.69556 2.325292 11.86973 -10.52274 4.944165 0.1403122 
  67.00556 9.309198 19.40713 15.67852 -35.57306 -32.74501 -39.68587 -16.26695 6.044338 4.912774 -0.06741905 2.164464 -11.79848 
  66.4355 11.9846 17.84002 1.444561 -36.28756 -30.22213 -55.70861 -18.83859 6.894405 -9.076946 -1.99607 -3.47917 -13.47648 
  68.14568 14.12493 19.01535 9.679023 -37.00206 -25.17637 -44.26379 -10.26646 5.513045 0.2168303 4.706845 0.9009643 -6.497928 
  68.2882 16.42187 19.7989 11.59886 -31.28605 -31.90405 -59.52355 5.126112 19.41155 -3.957342 1.310673 5.533798 -14.73497 
  69.00078 15.89984 14.31402 5.599364 -27.71354 -34.42692 -63.33849 1.734518 10.29468 -11.46728 13.76331 5.533798 -26.06142 
  69.1433 15.55181 11.57158 1.626711 -33.42955 -46.20036 -49.60471 1.734518 -1.470156 -16.24795 8.669046 3.596432 -23.96393 
  74.7014 15.89984 5.303148 -5.477098 -29.14254 -57.13282 -17.55922 21.66585 16.14492 -19.83345 10.93316 3.596432 -11.79848 
  77.6209 17.63996 -0.04928017 -8.75578 -22.71203 -63.8605 7.804174 37.64464 9.657125 -24.61412 6.970961 9.734982 -27.73941 
  79.25777 18.68403 -7.835653 -19.32042 -20.53451 -67.22433 -0.09752846 38.19563 2.962843 -21.6262 6.404932 3.343731 -32.35389 
  80.42696 18.85805 -9.059167 -22.0755 -26.28454 -57.13282 -3.915493 33.78769 4.981753 -27.60204 10.36713 -2.299903 -36.54887 
  80.89463 19.90212 -5.853117 -21.58216 -26.28454 -47.88227 -4.654453 33.2367 14.10328 -35.37063 9.801105 0.4797974 -29.8369 
  80.89463 21.1202 -5.331424 -22.81553 -25.57004 -50.40515 3.271676 27.72677 5.19427 -28.79721 1.310673 0.5640311 -23.96393 
  80.19312 21.29422 -4.483673 -31.20243 -31.28605 -41.99556 -8.841898 17.8089 4.556719 -30.58996 -9.101625 -6.026054 -23.96393 
  80.89463 22.86033 1.777153 -27.00897 -32.71505 -33.58596 7.804174 20.56387 0.9439321 -18.0407 -2.909641 -0.9521694 -22.70544 
  81.59615 23.20835 -4.027191 -22.0755 -31.28605 -31.06309 15.86195 18.3599 0.4126398 -20.43104 -2.402102 -13.41692 -13.47648 
  82.06382 21.64224 -10.28268 -24.04889 -26.99904 -26.85829 5.28612 14.22496 8.913316 -29.99237 -11.74083 -16.13987 -12.63748 
  83.23301 22.86033 -10.98183 -25.52893 -20.95252 -35.26788 2.264454 12.85524 16.96158 -21.02862 -24.53478 1.237898 -14.31547 
  83.46685 25.99255 -9.059167 -26.02228 -16.98146 -41.99556 0.395112 14.02929 18.59489 -7.957591 -21.21413 -7.193033 -13.05698 
  83.70068 24.60045 -8.185228 -27.99567 -23.42653 -43.67747 -1.20597 9.528782 17.36991 -1.000637 -22.54239 -11.08296 -13.89598 
  84.16836 25.2965 -11.68098 -32.18912 -18.23548 -41.99556 -3.669172 8.354736 16.96158 8.565174 -26.1951 -10.69397 -4.350262 
  83.70068 24.77446 -8.360016 -33.17581 -15.10043 -34.42692 -1.32913 11.6812 25.12815 1.434297 -15.56902 -5.24807 -7.181276 
  82.29766 24.60045 -10.28268 -33.42249 -17.81747 -35.26788 2.264454 8.159062 20.22821 -3.783419 -10.52274 -7.97102 -7.864624 
  82.53149 22.5123 -9.933105 -27.74899 -11.12937 -39.47268 1.760844 9.822292 28.39478 -1.348485 -20.88206 0.3113308 -11.79848 
  82.53149 20.25014 -6.961716 -24.78891 -14.26442 -27.69925 1.760844 8.354736 25.94481 -10.27211 -16.23315 8.589205 -10.30515 
  82.06382 20.42416 -8.360016 -28.24234 -18.65348 -27.69925 -0.2206888 13.24659 22.26985 -11.46728 -11.03028 2.332931 -9.036078 
  82.06382 19.72811 -9.233954 -21.82883 -13.84641 -20.13062 15.35834 13.34443 17.36991 -3.783419 -20.88206 3.764898 1.018903 
  78.55625 17.81397 -15.00194 -16.95248 -7.785319 -6.970703 5.789731 6.593669 25.12815 -5.174809 -18.88967 -1.794503 -0.5430365 
  78.55625 14.66001 -16.05067 -14.22025 -4.859276 2.305958 10.32223 2.163124 22.67818 -3.957342 -8.594086 8.589205 -3.959777 
  76.45171 19.55409 -11.50619 -22.32218 -8.203326 -0.2828789 3.775287 3.448944 25.53648 6.99986 -12.9125 8.207279 -6.107443 
  75.69901 18.85805 -8.534804 -23.30887 -11.96538 -4.381867 -4.531293 0.02009201 19.00322 5.086698 -15.56902 3.006798 1.116524 
  73.98882 18.33601 -10.28268 -17.31678 -0.470211 -4.381867 -2.191251 9.137433 15.73659 8.913023 -10.42123 8.97113 7.901769 
  70.71097 14.48165 -14.30279 -26.51563 6.491721 -2.008768 -6.132375 10.50715 6.894405 4.73885 -7.477499 2.080231 -11.18374 
  69.28581 13.58985 -8.534804 -21.33548 -6.949307 0.7958031 -1.082809 8.843922 16.14492 9.086946 -5.853372 -0.5310025 -19.34945 
  70.42593 15.19509 -2.657746 -26.02228 -11.75638 2.521692 -7.240816 -1.265728 12.20733 -0.1310177 -12.58044 1.827531 -11.79848 
  68.43072 12.51969 -7.486078 -20.84214 -14.68242 -5.460548 -7.487136 2.163124 12.95114 3.869231 -13.9087 -4.99537 -2.300218 
  68.2882 12.69805 -7.486078 -28.24234 -26.28454 -2.655977 6.796953 24.42082 19.41155 3.521383 -5.954879 1.743298 -11.79848 
  66.57801 10.201 -8.185228 -29.96906 -24.85554 -3.08745 -5.023933 19.46188 32.47807 17.29441 -16.23315 2.164464 4.330587 
  66.15047 9.130838 -4.809731 -24.54224 -14.05541 -0.2828789 -13.64514 15.30117 30.43643 14.07552 -12.9125 -1.036403 -13.05698 
  65.15285 9.130838 -4.288038 -25.03559 -11.75638 -7.402175 -21.37415 10.1158 9.657125 3.173535 -3.315673 8.589205 -6.986033 
  63.44267 10.91444 -3.57071 -27.50232 -6.949307 -7.617911 -17.55922 21.11486 19.41155 8.913023 -17.56141 -0.2783027 2.544996 
  61.44745 5.741992 -1.744783 -16.40604 -7.367313 1.011539 -14.50726 5.810972 11.14474 2.129992 -22.21032 -1.036403 4.330587 
  59.87978 -0.3222594 -7.835653 -17.31678 -1.72423 -2.440241 -13.89146 10.01797 4.450461 9.608719 -10.92877 11.64461 0.3355541 
  60.30733 3.423307 -5.918329 -19.86687 -4.650272 -4.81334 -4.408133 25.5228 6.788147 14.9534 -12.9125 0.4797974 0.9212818 
  60.30733 -1.392421 -2.462111 -17.86323 -10.92037 -2.440241 -14.50726 21.11486 20.63654 16.1239 -3.518689 5.533798 -7.571761 
  60.44984 -0.143899 0.1463547 -10.03082 -14.05541 -2.224504 -11.05878 15.98603 -0.9488144 8.913023 -13.57663 -1.373336 -6.107443 
  59.73727 -0.8573403 -1.418725 -9.484376 -5.695288 -2.655977 -9.457698 14.61631 3.387877 4.912774 -21.87826 0.7324977 -0.5430365 
  58.31211 -0.5006199 1.385376 -10.75942 -3.81426 -5.892021 -5.516574 9.626618 6.469372 11.86973 -19.5538 4.859932 5.044824 
  57.475 -3.354385 1.385376 -3.655609 5.044343 -7.617911 -9.827179 8.256899 9.019574 12.56542 -9.203133 5.449565 0.8236599 
  58.1696 -1.214061 0.7332592 -14.94884 -0.470211 -1.145824 -1.944931 20.56387 12.63236 16.70915 -15.23696 0.3113308 -7.962245 
  57.20795 -4.246187 0.01593113 -6.934291 -11.12937 -11.28543 -6.625015 22.21685 16.55325 32.21835 -22.87445 0.2270975 -1.031142 
  56.80738 -5.494709 -2.462111 -5.841396 -1.515226 -4.81334 1.760844 25.5228 16.96158 28.70684 -18.88967 -2.805303 -1.421627 
  56.27328 -5.316349 -2.592535 -6.387844 0.7838078 -6.323494 -7.240816 9.137433 4.344203 16.70915 -2.50361 4.859932 -2.202596 
  57.74205 -5.85143 -1.157878 -0.01263046 -0.470211 -2.871714 -3.915493 18.91089 17.77823 24.90269 -5.853372 1.237898 -3.471672 
  56.4068 -5.85143 -1.22309 -2.744864 4.127859 -8.049384 -4.900774 15.88819 10.82597 26.36583 -7.680514 0.3955641 -2.885944 
  56.00623 -7.099952 -0.1144919 -4.202057 14.30756 -1.577295 -3.915493 26.0738 5.088012 15.83127 -9.203133 -0.2783027 2.902114 
  55.73918 -10.43721 0.1463547 2.173157 11.12333 8.051251 -6.501855 14.51847 13.69495 26.0732 -8.492578 -2.215669 -4.350262 
  54.8045 -7.453807 0.6028361 -4.202057 9.675953 7.267891 -1.082809 23.31883 9.975901 17.87966 -14.24076 -0.02560234 0.628418 
  55.07156 -9.559738 -1.744783 -3.109161 6.491721 12.87606 -3.669172 17.8089 6.469372 10.13049 -6.969959 3.764898 -13.47648 
  55.60565 -7.278313 -0.9622436 -0.3769283 13.72861 2.305958 -10.0735 9.92013 5.725563 11.00011 -1.691546 1.574831 -9.524184 
  55.73918 -4.781268 6.086702 -0.9233742 10.2549 4.679056 -15.27025 17.06224 10.61345 3.34746 -10.21821 -9.137997 -9.328941 
  62.87261 5.563632 9.612696 -3.291311 -24.14104 -23.49445 -35.87093 -8.123431 -3.034174 -6.914048 -13.24457 -8.749004 -11.79848 
  62.87261 10.55772 14.7058 6.319304 -12.38339 -30.22213 -42.73782 -1.694334 -1.991495 1.434297 -10.31972 -5.24807 -15.57397 
  63.15764 12.69805 17.44824 1.991009 -11.54738 -33.58596 -36.63391 -0.8371201 -0.9488144 1.08645 -4.533768 -1.373336 -10.30515 
  65.58041 13.23313 17.05646 1.991009 -7.994323 -24.33541 -37.3969 -1.265728 1.900258 10.13049 -3.721704 -1.036403 -4.740746 
  66.4355 13.23313 17.84002 7.759183 -15.51843 -24.33541 -25.18909 -1.694334 -5.640873 -0.4788656 -10.62424 -2.973769 3.259233 
  67.29059 14.48165 17.05646 7.759183 -20.1165 -26.85829 -34.34495 4.306158 -18.67437 -2.218104 -14.90489 -1.373336 -4.252641 
  67.71814 14.48165 17.44824 7.759183 -23.42653 -32.74501 -45.78977 6.789343 -9.811592 -8.479362 -12.04535 -4.574203 -6.888412 
  69.99838 15.37345 13.13869 14.23864 -18.65348 -37.79076 -51.13068 20.01287 6.150596 -26.40687 6.404932 1.911765 -16.41296 
  70.42593 16.7699 12.74691 9.679023 -22.71203 -46.20036 -41.97483 25.5228 1.156449 -41.94405 13.76331 6.29765 -8.059866 
  75.69901 16.59588 2.560708 0.3516674 -38.43106 -63.8605 -32.81897 45.90953 0.5188982 -46.72472 22.25374 3.933365 -19.76895 
  78.79009 14.66001 -6.048753 0.1695194 -37.71656 -59.6557 -25.18909 51.97045 10.40093 -44.33438 20.55565 -1.289103 -29.41741 
  79.72544 19.03206 -6.179176 -8.573631 -26.28454 -53.76899 -16.03324 45.35854 11.35726 -31.78513 27.348 -3.394936 -35.70988 
  81.36231 17.11792 -5.52706 -12.03446 -34.85855 -51.24611 -8.965057 28.82876 16.96158 -31.78513 36.40446 -6.415049 -33.19289 
  81.82999 12.69805 -4.288038 -17.13463 -49.86308 -41.99556 -13.39882 12.26822 22.26985 -28.79721 32.44225 -5.637062 -32.77339 
  82.53149 13.05477 -9.933105 -16.58819 -52.00659 -36.9498 -14.26094 11.87687 21.45319 -32.38271 26.78197 -13.80591 -25.64192 
  84.4022 13.94657 -7.486078 -16.22389 -40.57457 -34.42692 -5.270254 13.73578 23.90317 -25.2117 17.72551 -6.026054 -31.0954 
  83.46685 16.42187 -4.614096 -22.56885 -42.00357 -31.06309 -6.501855 9.92013 13.69495 -23.41895 6.970961 -2.131436 -29.41741 
  83.70068 12.51969 -0.5057621 -24.78891 -47.71958 -27.69925 -5.762895 7.865551 1.900258 -25.2117 3.008759 -3.47917 -37.80737 
  84.4022 14.12493 -2.722958 -24.29557 -33.42955 -19.48341 -14.13778 9.137433 16.14492 -25.80929 2.44273 -7.582027 -24.38343 
  83.46685 15.37345 -0.5057621 -28.24234 -31.28605 -15.81589 -16.03324 6.593669 23.49484 -25.80929 -1.99607 -5.637062 -20.60795 
  82.53149 14.83837 -4.679308 -28.98236 -33.42955 -20.97157 -20.61117 2.163124 24.3115 -23.41895 -10.1167 -6.415049 -15.15447 
  82.53149 14.30329 -10.28268 -27.00897 -29.85705 -25.17637 -25.18909 3.020338 25.12815 -21.02862 -10.0152 -10.30498 -15.99347 
  81.82999 17.11792 -7.835653 -24.29557 -28.42804 -16.24736 -25.95208 7.669877 32.8864 -19.23587 -9.406149 -3.22647 -20.18845 
  79.95928 17.98798 -3.701133 -28.98236 -24.14104 -22.65349 -27.47806 10.80066 34.51972 -16.24795 -9.710672 -3.900336 -22.70544 
  78.55625 15.72582 -2.527323 -32.68246 -34.85855 -21.81253 -37.3969 6.985017 30.84476 -24.61412 -10.92877 -16.52886 -23.96393 
  79.25777 16.94391 -3.505498 -26.26896 -34.85855 -10.42248 -30.53001 9.822292 32.06974 -19.83345 -8.797102 -15.36188 -10.79326 
  77.6209 19.55409 -1.744783 -29.22904 -34.14405 -5.676285 -22.13714 3.877552 25.94481 -16.84553 -8.086546 -12.63893 -7.474139 
  76.45171 19.38008 -2.3969 -30.95575 -34.14405 -11.06969 -15.27025 9.724456 9.869642 -20.43104 1.310673 -4.405736 -13.47648 
  74.27385 16.07385 -8.185228 -35.64255 -33.42955 -8.265121 -25.18909 -1.265728 0.7314152 -22.82137 1.310673 -1.036403 -34.03189 
  74.41637 19.72811 -11.68098 -27.00897 -17.60847 -2.008768 -11.18194 8.746084 -3.555513 -10.27211 9.235076 -4.321503 -23.96393 
  74.41637 16.7699 -11.50619 -18.59182 -11.12937 2.737429 -6.871336 -1.265728 -6.683552 -1.870256 -0.5749588 -3.563403 -27.31992 
  72.56367 13.58985 -10.63226 -23.30887 -14.26442 2.305958 -17.55922 -11.55228 -4.598194 -7.609743 3.574788 -5.24807 -35.70988 
  71.28103 15.01673 -10.80704 -23.30887 -9.875351 4.679056 -14.3841 -2.551546 -1.470156 -13.85762 -2.50361 2.248698 -18.51045 
  69.71336 14.66001 -6.048753 -16.77033 -14.05541 9.470311 -12.16722 1.305912 -3.034174 -7.609743 -1.082499 -1.962969 -9.524184 
  66.86304 10.55772 -3.766345 -17.49893 -20.74351 -1.793032 -19.84818 0.02009201 2.856584 -0.3049412 -8.695594 -6.415049 -9.719426 
  65.72292 11.44952 -3.896768 -32.43579 -11.75638 4.247583 -13.27566 -1.265728 1.05019 6.99986 -12.9125 -6.026054 -6.302685 
  64.15525 9.84428 -4.418461 -28.98236 -15.72744 1.874485 0.02563095 21.66585 0.8376736 0.2168303 -12.58044 4.017598 -7.181276 
  66.57801 5.920353 -10.28268 -25.77561 -23.42653 -11.06969 1.257233 3.020338 -1.991495 11.86973 -3.721704 0.1428642 5.401942 
  64.86783 3.780028 -11.50619 -23.55555 -24.85554 -17.75752 -2.314411 5.908809 -9.811592 6.825936 8.669046 5.915724 5.401942 
  61.73249 2.174786 -8.360016 -18.40968 -13.4284 -6.970703 -3.669172 3.020338 -11.37561 10.82619 4.706845 12.79039 0.8236599 
  62.73009 1.818065 -10.10789 -21.58216 -15.51843 -6.53923 -5.516574 12.65957 -10.85427 6.304165 -4.026229 0.3113308 1.83076 
  61.73249 4.315109 -4.027191 -23.55555 -8.203326 -0.2828789 -11.3051 13.34443 -3.555513 9.608719 -0.4734507 -1.120636 5.044824 
  61.16242 2.353146 -4.418461 -16.22389 -9.039338 -5.892021 -16.79623 8.159062 -8.247572 19.63542 13.76331 -2.047203 -8.157488 
  60.73488 0.9262629 1.777153 -11.30587 -8.412329 -0.06714249 -16.79623 12.65957 0.8376736 12.21758 4.140817 6.679575 2.902114 
  60.87739 -1.214061 -3.831556 -13.49165 -4.859276 5.542002 -3.053371 12.17038 -3.555513 5.956317 0.03408909 2.332931 -0.1525517 
  60.0223 -0.6789799 -4.157615 -16.58819 -3.605257 -3.734659 -16.03324 6.202321 10.50719 21.39118 9.235076 10.11691 1.116524 
  59.87978 -1.035701 -5.070578 -15.49529 -2.560242 -1.145824 -12.29038 17.8089 1.687741 10.30441 5.838903 4.101831 -11.37899 
  58.88218 -1.570782 -3.96198 -13.6738 -2.351238 -1.793032 -18.3222 6.300158 2.219033 10.30441 1.876702 11.26268 -1.519248 
  58.1696 -2.997664 -1.092667 -8.209333 -1.515226 -5.892021 -22.13714 1.734518 -3.555513 24.02481 9.801105 10.11691 -6.497928 
  58.31211 -6.02979 -0.7013969 -1.83412 -0.470211 -7.18644 -27.47806 -3.40876 4.344203 12.21758 8.669046 7.061502 -2.690702 
  59.16721 -1.927503 0.1463547 -0.3769283 -6.949307 -6.754967 -23.66312 -0.8371201 6.681889 11.17403 -1.894562 4.607231 1.83076 
  57.74205 -4.067826 3.736039 -5.841396 -4.232267 -7.833648 -22.13714 7.57204 11.03848 17.58703 -3.620197 -0.9521694 -0.2501726 
  58.31211 -3.889466 -0.3753386 -6.387844 -1.515226 -1.577295 -18.3222 13.24659 11.14474 17.00178 8.669046 8.207279 -7.474139 
  58.59715 -5.494709 4.91137 -1.65197 -0.2612076 -0.7143517 -16.03324 7.474203 12.95114 12.56542 -3.518689 -0.6152358 0.3355541 
  57.74205 -3.354385 2.16893 -0.7412262 -1.72423 -8.480857 -18.3222 7.963388 14.10328 0.5646782 2.44273 4.775698 -7.474139 
  57.60852 -7.980289 1.777153 5.359384 3.918856 -1.145824 -14.50726 7.57204 15.73659 17.00178 0.7446442 2.838331 2.902114 
  58.31211 -5.137989 2.952485 2.173157 4.754868 -8.480857 -15.27025 -1.694334 0.9439321 14.66077 -7.985038 3.091031 2.902114 
  58.1696 -4.424547 6.870256 6.799263 1.828823 -0.4986153 -12.16722 5.321787 6.150596 13.60897 -5.345832 -1.541803 -4.15502 
  55.8727 -7.278313 -0.1144919 -0.3769283 8.51805 0.7958031 -11.79774 7.865551 7.850731 12.21758 1.876702 5.112632 -1.421627 
  56.27328 -7.629301 0.7332592 2.537455 6.781197 4.894793 -6.748176 6.789343 -1.991495 14.66077 -6.056387 14.70002 7.544651 
  56.27328 -8.331278 0.798471 -2.198418 6.491721 2.953165 -8.965057 12.26822 10.93223 13.78289 2.44273 15.08194 2.902114 
  55.8727 -8.155784 -1.809995 -5.841396 7.070672 4.031847 -6.871336 15.69252 18.59489 13.08719 -13.57663 11.64461 6.830414 
  54.67098 -9.384244 -3.57071 2.173157 11.70228 8.051251 -2.560731 27.72677 6.788147 4.564926 -13.9087 7.825353 3.973469 
  58.59715 1.461344 7.653811 -1.65197 -5.695288 -18.8362 -21.37415 4.306158 2.006516 9.782642 -23.20652 -1.878736 -3.178808 
  61.58997 5.563632 12.35514 0.1695194 -14.26442 -35.26788 -36.63391 8.550411 9.444609 6.825936 -20.21793 -7.582027 -6.595549 
  62.44506 7.347236 15.48935 -3.473461 -27.71354 -37.79076 -35.87093 4.306158 3.069101 -4.826962 -28.51956 -6.415049 -2.983565 
  63.87022 13.41149 15.48935 1.991009 -18.02647 -31.06309 -33.58196 5.126112 7.000664 9.434793 -7.274482 -6.804041 -6.595549 
  66.72053 14.66001 12.74691 7.759183 -15.30943 -31.06309 -39.68587 6.593669 -2.512835 5.782393 -4.127737 -5.637062 -5.619337 
  67.57562 14.66001 12.35514 15.67852 -7.994323 -39.47268 -48.07874 18.3599 3.281618 -18.0407 7.53699 4.101831 -15.15447 
  69.28581 13.76821 10.78803 12.3188 -17.81747 -38.63172 -53.41965 14.51847 9.125833 -19.23587 4.140817 2.417164 -20.60795 
  70.42593 16.07385 10.00447 7.279223 -23.42653 -45.35939 -48.07874 21.11486 2.112775 -21.02862 15.46139 -1.289103 -17.25196 
  69.57084 20.07613 17.44824 3.439544 -23.42653 -41.99556 -51.89367 23.31883 0.4126398 -18.0407 12.06522 3.343731 -17.67146 
  70.1409 19.03206 11.57158 4.399464 -23.42653 -41.1546 -52.65666 14.42064 -3.034174 -13.85762 10.93316 5.915724 -19.34945 
  70.42593 17.81397 11.96336 5.359384 -33.42955 -35.26788 -54.94563 14.90982 -1.991495 -16.24795 5.838903 2.164464 -13.89598 
  76.91939 16.42187 4.91137 -2.380566 -44.86157 -26.85829 -23.66312 19.46188 7.000664 -29.99237 14.89536 -3.22647 -10.59802 
  80.89463 18.85805 -2.136053 -10.75942 -44.14707 -20.13062 -23.66312 21.66585 25.12815 -29.39479 9.801105 -14.1949 -14.73497 
  82.99918 20.42416 -9.233954 -15.67744 -42.00357 -33.58596 -19.84818 10.21364 24.3115 -33.57788 7.53699 -18.08483 -16.41296 
  84.4022 22.5123 -11.85577 -10.03082 -37.00206 -27.69925 -22.13714 10.01797 30.43643 -24.61412 -2.50361 -18.08483 -11.37899 
  85.10371 21.99027 -6.179176 -11.48801 -37.71656 -19.05193 -29.00404 17.25791 35.7447 -25.2117 -1.285515 -17.69584 -13.89598 
  85.33755 19.55409 -7.835653 -14.7667 -43.43257 -20.13062 -25.18909 11.09418 30.84476 -23.41895 5.272874 -27.80965 -16.41296 
  86.03906 16.94391 -5.983541 -18.95612 -42.71807 -12.36411 -25.95208 14.61631 32.8864 -16.84553 -0.06741905 -18.47382 -10.10991 
  86.03906 17.11792 -7.835653 -20.59546 -28.42804 -13.22705 -22.13714 17.06224 28.80311 -19.23587 5.838903 -13.41692 -18.09096 
  85.33755 16.94391 -11.15662 -22.32218 -29.14254 -13.65853 -17.55922 13.14875 29.61977 -20.43104 3.574788 -17.30685 -13.47648 
  85.57139 17.81397 -10.28268 -19.50257 -29.14254 -13.22705 -15.27025 23.86982 33.70306 -20.43104 1.876702 -16.52886 -6.595549 
  85.33755 18.85805 -10.63226 -21.33548 -26.99904 -11.93264 -13.64514 20.56387 33.29473 -17.44312 -4.432261 -19.25181 -2.104975 
  84.63604 17.63996 -15.00194 -28.48902 -14.05541 -6.970703 -11.18194 13.24659 30.43643 -24.61412 4.140817 -13.80591 -2.104975 
  84.63604 16.94391 -15.87588 -25.52893 -3.81426 -0.06714249 -3.422852 10.31148 17.77823 -35.37063 2.44273 -9.915983 -2.788323 
  84.4022 18.162 -16.57503 -26.26896 -2.978249 -8.049384 -6.748176 -2.551546 3.81291 -31.18754 4.706845 -9.137997 7.187532 
  84.86987 17.63996 -11.68098 -25.77561 -6.322298 -5.460548 -4.777614 -11.55228 1.581483 -18.63828 9.801105 -2.384136 2.544996 
  83.93452 16.42187 -14.12801 -29.96906 -8.203326 -7.18644 -7.240816 -2.551546 -2.512835 -19.23587 0.7446442 -4.911137 -8.743215 
  81.59615 15.37345 -13.07928 -20.04902 -8.621332 3.384638 -4.284973 -3.40876 -0.9488144 -18.63828 1.876702 -3.900336 -8.255109 
  80.19312 16.07385 -16.92461 -17.86323 1.619822 -3.08745 -12.65986 -12.4095 1.687741 -10.8697 -14.24076 -6.804041 -2.885944 
  78.79009 18.68403 -17.79855 -20.04902 5.623294 -4.166131 -10.56614 -7.694824 8.169507 -5.522657 -5.142816 -4.74267 -7.278897 
  75.55649 15.01673 -15.17673 -19.86687 -0.470211 7.767439 -13.89146 -2.551546 -1.991495 -7.609743 -0.7779751 -9.915983 -10.01229 
  74.7014 17.98798 -13.42886 -22.81553 -6.740304 4.031847 -18.3222 0.877306 18.59489 -9.67453 -15.56902 -6.804041 -15.99347 
  73.84631 16.59588 -16.74982 -26.26896 -15.10043 -11.06969 -15.27025 17.8089 13.16365 -14.4552 -16.56522 -6.415049 -7.669382 
  71.56606 14.48165 -12.55492 -21.08881 -19.28049 -0.930088 -15.27025 11.19201 20.22821 -10.8697 -1.793055 5.915724 -7.278897 
  71.13851 13.58985 -17.62376 -26.02228 -8.830336 16.56561 -10.44298 15.30117 19.41155 -10.27211 -7.782022 0.9009643 -9.426563 
  69.00078 11.9846 -16.57503 -30.70908 -6.531301 20.53898 -10.6893 25.5228 18.18656 -4.30519 3.008759 2.669865 -3.666914 
  68.00317 12.69805 -13.25407 -22.81553 2.87384 17.98467 -17.55922 3.877552 2.325292 -9.67453 2.44273 9.734982 -13.47648 
  66.15047 10.55772 -8.709592 -21.58216 6.491721 25.36378 -6.501855 -1.694334 -7.726233 -2.913799 -13.9087 7.061502 7.901769 
  65.29537 9.66592 -10.63226 -28.24234 3.500849 17.98467 -6.625015 12.95308 4.556719 5.608469 -3.823213 12.40846 -0.6406574 
  65.72292 8.060677 -14.82716 -22.56885 2.87384 19.40373 2.768065 27.72677 9.975901 9.086946 -13.24457 -3.142236 -2.788323 
  64.72531 6.455434 -10.28268 -19.86687 -3.396254 14.0113 3.271676 13.93145 0.09386444 8.565174 1.310673 10.11691 2.187878 
  65.43789 8.060677 -10.80704 -23.0622 6.781197 10.88937 -3.669172 8.746084 2.325292 13.26112 -11.43631 1.406364 -1.519248 
  62.87261 6.455434 -5.853117 -24.54224 5.044343 9.470311 -5.023933 13.14875 8.275765 13.43504 -6.360911 10.49883 -5.716959 
  61.44745 5.206911 -3.049016 -13.12736 3.918856 12.30843 -7.610296 8.256899 5.619304 17.58703 -4.533768 -3.73187 -2.885944 
  62.87261 3.066587 -4.222826 -13.3095 -1.72423 2.737429 7.804174 27.17578 8.807057 17.58703 -17.89348 -12.24994 5.75906 
  62.01752 1.996426 -8.534804 -15.49529 -2.351238 8.335063 11.83306 31.03273 7.213181 21.6838 -16.56522 -11.86095 -10.40277 
  62.30255 3.958389 -7.311291 -14.0381 -7.15831 12.30843 9.315007 37.09365 9.444609 16.41653 -0.8794823 -6.026054 -11.08612 
  61.58997 -1.035701 -7.660866 -14.58455 4.127859 20.82279 11.83306 18.91089 -0.427475 15.53865 -2.706626 -12.63893 -14.31547 
  60.16481 0.212822 -3.766345 -10.03082 8.228575 21.1066 19.89083 21.66585 5.725563 16.70915 -0.7779751 -0.8679361 -7.864624 
  59.45224 1.639705 -2.070842 -14.4024 3.291845 10.88937 0.1487913 19.46188 -3.034174 11.86973 1.310673 0.3113308 -10.59802 
  58.88218 2.709867 1.385376 -10.39512 9.675953 13.72749 1.257233 9.430944 7.213181 13.78289 -14.90489 3.343731 -8.255109 
  58.31211 -0.143899 -1.157878 -9.666525 9.965428 16.56561 12.33667 26.0738 1.687741 18.17229 -6.563927 -0.4467692 -13.05698 
  59.16721 -1.570782 -6.440022 -9.302227 7.360148 8.051251 4.278898 28.82876 8.275765 14.07552 -1.793055 2.669865 -5.912201 
  58.02708 -2.997664 -3.309863 -3.473461 15.46546 15.43036 11.32945 26.62479 4.556719 15.53865 -12.04535 -3.142236 2.187878 
  57.475 -6.02979 -1.679572 -5.29495 9.675953 8.335063 4.278898 15.00766 3.069101 17.00178 -12.04535 -0.2783027 9.68736 
  56.54033 -4.067826 5.303148 0.5338173 13.72861 12.87606 8.307785 24.42082 9.338349 18.75754 -17.22935 -10.69397 -1.226384 
  56.54033 -4.067826 4.91137 4.639444 12.28123 4.247583 -7.117656 24.97181 12.10107 6.130241 -26.85923 2.669865 6.116178 
  57.34148 -5.316349 4.127816 9.679023 13.43913 20.82279 -2.06809 13.34443 2.431551 17.29441 -15.23696 2.080231 12.5443 
  56.54033 -8.331278 0.2767777 8.239143 17.20232 13.72749 -6.748176 13.44227 2.750326 11.86973 -7.37599 -1.541803 -1.031142 
  55.73918 -6.386511 6.086702 11.1189 16.91284 2.737429 -14.3841 19.46188 4.450461 17.00178 -11.74083 -5.163836 2.902114 
  56.67385 -7.804795 4.91137 7.999163 19.51812 13.72749 -1.57545 17.25791 12.95114 18.17229 -16.89728 1.406364 0.1403122 
  57.60852 -6.743232 2.16893 3.199564 16.04441 10.32175 -11.42826 10.40932 7.638215 9.956566 -13.24457 1.659064 -0.6406574 
  56.4068 -5.137989 4.519593 7.999163 16.91284 18.5523 1.760844 15.59468 8.488282 13.43504 -19.22174 -0.362536 -1.128763 
  56.00623 -6.743232 2.16893 7.039244 18.07074 13.72749 -2.437571 5.810972 5.513045 10.47834 -23.20652 -5.163836 -1.128763 
  57.475 -7.099952 -1.940418 1.991009 10.54438 12.02462 3.271676 13.5401 16.96158 19.05017 -8.898609 7.061502 6.830414 
  56.54033 -5.673069 -0.4405503 0.3516674 15.46546 12.59224 1.010912 20.01287 9.232091 13.43504 -9.710672 4.438765 3.973469 
  56.27328 -5.673069 2.952485 12.79876 20.38655 16.84942 -3.546012 12.95308 3.069101 11.52188 -8.188054 1.237898 3.616351 
  56.13975 -5.494709 5.694925 10.39896 19.8076 11.457 -3.176532 10.60499 5.938079 5.260622 -10.31972 -1.962969 7.901769 
  61.58997 11.9846 17.84002 -2.744864 -2.978249 -26.85829 -35.10794 5.517461 3.706652 9.782642 -13.24457 -8.749004 -5.03361 
  63.87022 17.81397 21.75779 7.039244 -6.740304 -31.06309 -36.63391 0.02009201 7.744473 12.04365 -18.88967 -3.816103 -5.424095 
  65.01035 18.85805 24.50023 6.559284 -9.875351 -31.90405 -41.97483 2.163124 8.382024 9.434793 -16.56522 -5.24807 -6.400307 
  65.86543 19.72811 22.54134 4.399464 -9.666348 -33.58596 -45.02678 3.020338 13.16365 2.825687 -7.782022 2.754098 -15.99347 
  67.14808 15.37345 16.27291 13.5187 -9.457345 -52.08707 -50.3677 11.48552 7.638215 -5.696581 -8.695594 7.443427 -18.51045 
  68.2882 18.51002 11.96336 12.55878 -8.412329 -61.33762 -46.55276 25.5228 5.619304 -16.84553 -8.695594 11.26268 -13.89598 
  71.42354 16.7699 10.00447 9.919003 -19.9075 -39.47268 -54.18264 11.28985 10.29468 -24.01654 9.801105 2.669865 -16.83246 
  72.42115 19.55409 13.13869 1.080263 -29.14254 -27.69925 -48.07874 8.941759 16.55325 -30.58996 13.76331 4.354531 -12.63748 
  76.21788 17.11792 5.303148 -19.13827 -48.43408 -27.69925 -32.81897 20.56387 21.04486 -38.95613 21.68771 -4.99537 -33.61239 
  79.25777 16.59588 0.0811429 -24.78891 -39.14556 -26.85829 -23.66312 23.86982 31.66141 -38.35854 23.95182 -9.137997 -35.29038 
  81.59615 15.37345 0.8636827 -23.0622 -42.71807 -22.65349 -15.27025 17.25791 34.92805 -34.17546 31.3102 -12.24994 -35.29038 
  83.93452 13.41149 -5.331424 -19.86687 -44.14707 -20.97157 -17.55922 15.00766 36.15303 -36.5658 26.78197 -12.63893 -25.64192 
  84.4022 12.87641 -4.614096 -25.52893 -43.43257 -17.97325 -26.71507 13.93145 27.98646 -32.98029 21.68771 -13.80591 -26.06142 
  85.33755 12.34133 -3.96198 -27.25565 -38.43106 -17.11031 -31.293 16.37738 27.57813 -32.38271 12.06522 -2.299903 -30.2564 
  85.33755 15.55181 -2.136053 -26.7623 -34.85855 -12.79558 -32.05598 16.76873 32.06974 -31.18754 17.15948 -0.4467692 -28.15891 
  84.86987 14.12493 -2.266477 -30.21573 -37.00206 -14.52147 -35.10794 7.180691 34.92805 -27.00446 7.53699 -2.889536 -22.28594 
  84.63604 10.55772 -3.635921 -31.69577 -41.28907 -17.11031 -35.10794 12.26822 19.81988 -22.22379 11.49919 2.417164 -25.64192 
  83.93452 10.37936 -5.396636 -36.38257 -34.14405 -14.30574 -31.293 7.082854 20.63654 -12.66245 5.838903 9.734982 -23.12494 
  82.99918 10.201 -6.961716 -31.20243 -19.48949 -8.480857 -29.76702 0.02009201 39.01133 -1.522408 -5.751863 2.080231 -0.9335213 
  83.93452 8.417397 -11.33141 -28.24234 -13.0104 -7.833648 -21.37415 1.734518 32.47807 -5.522657 -14.24076 -3.47917 -3.471672 
  82.29766 8.952478 -14.47758 -24.78891 -16.35445 -8.696593 -14.13778 8.354736 11.14474 -16.24795 -16.23315 -8.360012 -18.51045 
  79.72544 10.55772 -11.50619 -27.25565 -8.830336 -9.128065 -25.18909 1.734518 3.069101 0.7386017 -16.89728 -1.710269 -19.34945 
  77.6209 10.02264 -11.85577 -22.56885 -15.10043 -2.655977 -21.37415 -13.26671 4.662978 0.9125252 -6.056387 11.64461 -13.47648 
  75.84152 7.347236 -11.15662 -22.0755 -15.10043 1.011539 -23.66312 10.31148 19.81988 8.217327 4.140817 2.585631 -25.64192 
  74.7014 12.51969 -9.933105 -21.33548 -13.0104 5.757736 -24.42611 6.104484 22.67818 -1.522408 -3.823213 -4.068803 -13.05698 
  74.55888 12.16296 -10.10789 -24.54224 -12.38339 1.443012 -25.18909 22.76784 35.7447 11.00011 0.2371044 5.449565 -13.47648 
  73.84631 11.80624 -8.884379 -22.32218 -16.98146 0.5800667 -14.50726 27.17578 34.92805 12.56542 5.838903 3.849132 -23.54443 
  71.70857 13.23313 -6.961716 -24.29557 -20.32551 3.816111 -6.994495 20.56387 21.04486 13.26112 7.53699 0.9851975 -23.96393 
  71.56606 12.69805 -11.15662 -26.02228 -13.0104 10.60556 -14.3841 16.57305 19.00322 -2.913799 9.801105 10.11691 -23.54443 
  69.42832 7.168875 -11.50619 -22.56885 -21.57952 6.620682 -17.55922 13.93145 23.49484 -4.479114 10.36713 -11.08296 -15.57397 
  68.85826 8.774118 -9.408742 -17.86323 -9.875351 -1.361559 -19.84818 14.81198 20.63654 -6.392276 -2.402102 -2.552603 -7.864624 
  65.01035 7.347236 -3.635921 -24.78891 -9.039338 11.17318 -24.42611 8.354736 4.025427 -8.305439 -19.5538 -6.804041 -2.593081 
  66.29298 8.952478 -1.418725 -28.48902 -21.16152 7.267891 -11.9209 27.17578 18.18656 -7.783667 -2.300593 10.11691 -13.05698 
  67.00556 9.130838 -0.4405503 -27.99567 -20.95252 5.973473 -14.01462 18.3599 19.81988 10.13049 -0.5749588 1.406364 -17.25196 
  66.00795 12.51969 -0.9622436 -26.02228 -19.28049 5.110529 -8.965057 19.46188 18.18656 12.3915 2.44273 -3.98457 -9.817047 
  65.15285 10.91444 2.560708 -18.77397 -18.02647 -0.7143517 -9.580858 13.63794 14.10328 11.86973 0.7446442 8.589205 -7.278897 
  63.58519 6.990515 3.344262 -11.85231 -20.53451 2.737429 -9.088218 14.22496 4.662978 1.608221 -9.913689 2.080231 3.973469 
  62.58758 2.709867 2.16893 -12.21661 -17.19046 0.3643303 5.28612 14.3228 16.14492 13.60897 6.404932 1.406364 1.018903 
  62.58758 4.136749 -0.1144919 -17.49893 -21.37052 -13.87426 -1.20597 14.90982 14.5116 14.9534 -2.605118 1.069431 -2.593081 
  62.16003 3.423307 -0.1797037 -10.39512 -17.39946 -6.53923 -2.437571 16.47522 18.18656 18.46491 -5.041308 -2.636836 -5.619337 
  60.59236 2.531507 2.952485 -12.76306 -11.96538 -12.79558 -14.13778 18.91089 15.32826 4.391003 -17.56141 1.069431 -8.059866 
  60.59236 0.9262629 0.4072013 -12.58091 -8.621332 -6.754967 -7.117656 20.01287 22.26985 8.565174 -13.9087 6.679575 3.259233 
  59.02469 -5.137989 -2.657746 -5.112801 0.3658028 6.620682 0.1487913 15.98603 12.95114 18.46491 -6.766943 7.825353 -5.228852 
  58.45463 -2.997664 -1.744783 -3.291311 11.12333 13.15987 15.86195 28.27777 13.48243 8.217327 -15.56902 2.080231 -2.788323 
  58.59715 -1.035701 -0.8318205 -0.7412262 5.91277 1.227276 2.264454 12.95308 4.875495 17.29441 -20.55 -4.574203 -12.63748 
  58.31211 -4.246187 0.01593113 2.173157 11.12333 6.404945 -5.393414 10.70283 9.232091 21.09855 -9.812181 -0.1940689 -10.10991 
  58.59715 -3.176025 1.777153 0.5338173 12.28123 7.767439 1.760844 18.3599 14.10328 19.92805 -4.9398 1.069431 -9.719426 
  57.34148 -4.067826 0.7332592 0.8981152 10.2549 6.189209 -11.05878 22.21685 14.10328 28.70684 -2.808133 -7.97102 -12.21798 
  56.9409 -7.099952 5.303148 11.35888 17.20232 10.60556 -4.777614 17.8089 5.619304 16.1239 -3.417181 -1.794503 4.687705 
  56.4068 -9.20875 4.519593 7.999163 7.649623 6.620682 -9.950338 21.66585 13.69495 -0.4788656 -18.55761 -6.415049 -0.9335213 
  56.27328 -6.564871 6.086702 8.959084 19.8076 6.836418 -10.6893 11.58336 12.10107 17.58703 -13.24457 4.101831 5.401942 
  56.9409 -4.424547 1.777153 3.919504 14.01809 13.72749 -4.900774 4.832601 2.219033 11.86973 -4.635276 8.207279 1.473642 
  58.1696 -5.85143 -1.940418 5.599364 15.75494 6.620682 2.264454 20.56387 5.831821 20.22067 5.272874 4.186065 -5.424095 
  58.59715 -5.85143 -3.309863 -1.105524 8.51805 7.767439 1.760844 8.061225 -4.076855 14.07552 8.669046 2.922565 -0.2501726 
  58.73966 -8.331278 -1.744783 6.079324 6.781197 8.902687 2.768065 8.452574 -0.427475 15.24602 18.85756 13.17231 -8.059866 
  62.16003 -7.980289 -4.418461 7.999163 10.83385 18.26848 -2.807052 -3.40876 8.275765 30.16997 11.49919 8.589205 4.330587 
  60.73488 -7.278313 -3.57071 6.559284 -4.232267 15.71418 -1.45229 -6.409004 9.550867 24.02481 -12.24837 -2.468369 8.616005 
  62.01752 -6.386511 -2.136053 15.9185 0.7838078 14.29512 -7.733457 11.28985 18.18656 1.608221 -2.808133 -7.97102 4.330587 
  61.58997 -8.506772 -2.462111 7.039244 -5.486286 15.71418 -8.718738 8.061225 13.69495 8.565174 1.310673 -8.360012 -4.545504 
  63.01513 -10.08622 -1.22309 13.03874 -11.12937 16.56561 -6.255535 0.4487 0.5188982 11.6958 13.19728 5.915724 1.83076 
  60.87739 -5.85143 5.303148 8.959084 -11.12937 -0.930088 -5.639734 20.56387 3.387877 9.434793 0.7446442 -2.215669 7.901769 
  59.87978 -6.02979 2.560708 2.355307 -8.203326 1.011539 -6.378695 10.99634 16.14492 13.26112 -13.9087 -6.415049 -0.3477936 
  60.44984 -5.85143 0.6028361 0.3516674 -4.650272 0.3643303 12.33667 24.42082 0.7314152 22.56168 -5.751863 -0.5310025 4.687705 
  57.88457 -6.564871 3.736039 3.439544 -0.6792145 -1.361559 -4.900774 20.01287 12.31359 13.78289 -5.345832 5.915724 4.330587 
  58.88218 -6.564871 1.385376 4.159484 3.500849 4.894793 -5.023933 22.76784 20.63654 12.73935 -12.14686 5.915724 -0.7382784 
  58.45463 -3.711106 1.777153 -2.562716 1.410818 7.767439 -2.683891 22.76784 19.81988 -4.653038 -20.88206 -0.9521694 1.116524 
  58.45463 -4.067826 3.344262 2.959584 8.228575 10.32175 4.278898 29.93074 10.29468 1.08645 -19.22174 5.196865 5.401942 
  57.475 -2.284223 6.870256 -0.1947784 5.044343 1.658749 -16.79623 10.1158 16.14492 3.34746 -18.22554 2.417164 -5.424095 
  58.1696 -2.284223 5.303148 1.444561 4.545864 8.051251 0.02563095 22.76784 9.869642 5.956317 -12.58044 10.49883 -2.104975 
  59.16721 -4.781268 2.560708 7.039244 6.781197 9.470311 -4.531293 3.448944 10.50719 12.56542 -6.259403 10.49883 -8.840836 
  58.73966 -5.137989 1.385376 -0.01263046 3.291845 4.679056 -0.590169 16.37738 13.48243 6.652013 -6.766943 4.101831 0.2379332 
  59.02469 -5.494709 -0.7666087 2.959584 9.965428 23.3771 8.307785 9.528782 6.150596 0.04290581 -19.5538 3.091031 -6.497928 
  58.59715 -10.08622 -4.027191 3.679524 9.097001 15.43036 -8.841898 11.28985 12.63236 10.47834 -11.03028 6.29765 -2.104975 
  58.02708 -7.629301 -0.1797037 1.808859 5.91277 16.84942 -12.29038 3.877552 7.425698 9.608719 -2.402102 13.17231 -4.15502 
  56.9409 -7.629301 4.127816 0.3516674 13.14966 16.56561 -12.29038 -10.69507 1.687741 11.52188 -7.274482 6.29765 -4.740746 
  58.1696 -8.331278 -2.853382 -0.01263046 14.01809 24.79616 4.782509 5.126112 9.444609 1.08645 -18.22554 0.1428642 -1.812112 
  57.07442 -10.08622 -1.288302 1.808859 3.918856 10.03794 -9.950338 5.810972 8.169507 -0.3049412 -3.721704 2.164464 -9.621805 
  57.74205 -4.781268 -0.1797037 -3.291311 9.386477 16.56561 -8.102937 -5.123186 9.232091 16.41653 1.310673 3.091031 -3.959777 
  57.60852 -9.910727 1.059318 3.439544 9.675953 13.15987 -5.147094 5.615298 4.981753 9.956566 -4.9398 -5.637062 -8.938457 
  58.02708 -10.08622 -0.9622436 2.355307 6.781197 4.894793 -8.102937 6.397995 -3.034174 -1.348485 -3.924721 7.061502 0.7260389 
  57.07442 -5.85143 -0.9622436 0.8981152 22.1234 6.836418 -15.27025 9.235271 -5.640873 17.29441 10.93316 -3.310703 -2.397839 
  56.13975 -6.208151 1.777153 5.119404 13.14966 9.754124 -13.1525 -0.8371201 -1.470156 12.56542 -9.203133 0.1428642 -3.276429 
  56.80738 -8.155784 -0.7013969 2.719604 9.675953 5.973473 1.010912 10.8985 4.131686 19.34279 -2.605118 8.207279 6.116178 
  57.34148 -6.208151 -0.2449155 5.359384 16.91284 7.483627 -14.50726 1.305912 1.05019 15.83127 -6.259403 5.533798 -3.569293 
  55.60565 -10.26171 0.01593113 9.199062 18.93917 4.679056 -0.2206888 22.21685 14.91993 12.04365 -4.432261 5.533798 2.544996 
  56.27328 -8.155784 -3.96198 -1.469822 12.28123 5.326265 -12.5367 4.734764 3.175359 6.652013 1.876702 8.589205 -1.128763 
  57.88457 -7.278313 -5.396636 3.199564 15.17599 13.15987 0.6414318 10.21364 -0.9488144 14.9534 -11.74083 2.501398 2.187878 
  57.88457 -4.959628 -1.027455 3.199564 9.675953 4.679056 -11.18194 3.877552 -0.427475 13.26112 -7.071466 2.248698 1.116524 
  57.74205 -5.316349 -6.961716 -0.3769283 14.01809 6.189209 -9.457698 0.877306 -2.512835 19.92805 0.2371044 -1.457569 0.4331751 
  58.73966 -3.711106 -0.1144919 -0.3769283 17.78127 15.43036 -0.95965 4.832601 -4.076855 15.83127 -3.721704 0.4797974 11.47295 
  58.02708 -1.749142 1.059318 -0.1947784 15.75494 10.03794 0.5182724 2.163124 -9.290251 6.825936 -15.90109 3.680665 -2.300218 
  57.74205 -6.386511 -2.527323 -0.1947784 17.78127 11.74081 -2.191251 7.963388 4.237944 8.217327 -15.23696 5.281098 -4.838368 
  57.20795 -7.278313 -1.61436 2.173157 13.14966 19.68754 3.775287 6.985017 2.112775 8.913023 -0.7779751 13.55424 -10.69564 
  57.60852 -7.453807 1.385376 1.262413 7.360148 13.15987 -9.088218 2.591732 4.450461 19.92805 4.706845 6.679575 -8.35273 
  57.34148 -8.682266 -8.185228 -4.384205 6.781197 12.87606 -6.871336 -2.12294 -0.427475 7.521631 -11.3348 5.365332 3.259233 
  56.9409 -8.682266 -3.309863 0.8981152 1.201815 10.03794 1.257233 7.180691 -5.640873 8.7391 -8.898609 4.944165 11.83007 
  57.34148 -8.506772 -1.418725 2.355307 5.623294 9.470311 -2.807052 2.163124 4.025427 15.24602 -10.82726 13.17231 4.330587 
  56.00623 -9.735232 -1.027455 6.079324 11.12333 10.60556 -0.3438492 8.452574 2.325292 20.22067 -18.55761 -3.310703 0.7260389 
  56.67385 -9.20875 -3.244651 3.919504 10.83385 12.87606 10.82584 15.88819 0.6251567 13.78289 -7.985038 6.29765 -1.519248 
  56.9409 -10.08622 -1.353514 5.839344 9.675953 11.74081 3.271676 19.46188 8.275765 4.564926 -30.84401 -6.415049 3.259233 
  56.54033 -7.278313 0.8636827 7.279223 16.04441 11.74081 -9.827179 17.8089 12.10107 11.52188 -13.57663 1.153665 0.628418 
  56.9409 -5.85143 3.736039 6.319304 13.43913 1.874485 -11.9209 3.877552 8.913316 14.36814 -7.172975 2.417164 -10.20753 
  57.74205 -8.155784 1.385376 5.359384 15.17599 11.17318 -3.053371 8.941759 0.9439321 14.07552 -5.650355 1.153665 5.401942 
  57.20795 -10.43721 -0.2449155 1.626711 12.28123 10.88937 -1.45229 10.21364 2.325292 -1.000637 -7.579006 -1.710269 -2.397839 
  56.9409 -11.31468 0.6028361 8.239143 22.99183 16.2818 6.796953 8.061225 -5.640873 4.564926 -9.406149 -2.131436 -2.104975 
  57.07442 -12.36765 -5.070578 2.719604 14.30756 11.457 -1.821771 7.082854 4.875495 17.29441 -3.721704 3.091031 1.116524 
  59.02469 -8.155784 1.059318 1.808859 -0.6792145 7.483627 -0.09752846 2.591732 -17.11035 15.83127 0.7446442 12.02654 7.187532 
  60.16481 -5.85143 -1.809995 0.3516674 6.781197 7.767439 -7.856616 9.92013 -0.427475 18.75754 -0.06741905 6.29765 0.628418 
  58.73966 -6.564871 -5.135789 -7.845036 3.082842 9.1865 -4.284973 -0.408514 -7.204893 13.60897 -4.432261 5.449565 0.7260389 
  59.59475 -12.54314 -2.592535 -1.287672 0.7838078 15.14655 -0.7133293 12.36606 -4.598194 10.13049 12.63125 6.29765 4.687705 
  58.02708 -10.08622 -4.35325 4.879424 16.04441 21.95804 -7.979776 -1.265728 2.112775 19.05017 -1.691546 -2.215669 -6.497928 
  58.1696 -11.84116 -4.483673 4.879424 11.41281 7.767439 -6.748176 5.908809 13.0574 26.65845 -7.37599 -2.721069 -5.814579 
  58.59715 -7.629301 -7.660866 -2.562716 -3.18725 2.090221 -7.363976 0.02009201 -12.93963 12.91327 -8.391069 9.353056 -1.71449 
  57.74205 -8.331278 -5.657483 -0.7412262 5.333819 9.754124 5.789731 15.00766 6.57563 11.34796 -19.5538 7.443427 1.473642 
  57.20795 -10.08622 -5.201001 7.039244 11.41281 3.384638 9.315007 8.843922 -8.247572 20.5133 -6.969959 6.679575 -13.89598 
  57.60852 -10.26171 -1.549149 -0.5590763 7.649623 7.767439 5.28612 5.517461 2.431551 23.43956 -5.142816 7.825353 2.187878 
  58.59715 -9.910727 -4.744519 -1.287672 2.664837 7.483627 3.775287 14.90982 4.344203 17.87966 -3.315673 -6.804041 4.330587 
  56.54033 -12.54314 -4.679308 -3.473461 5.333819 6.836418 6.796953 19.46188 -12.93963 -6.044429 -2.50361 -0.362536 -6.986033 
  56.9409 -9.735232 -1.744783 -1.287672 11.99176 23.09329 -2.06809 12.26822 -8.768911 12.04365 -2.605118 -4.237269 1.83076 
  58.73966 -9.033256 -0.7013969 0.1695194 0.1567993 13.72749 1.134072 7.278528 -1.991495 11.52188 -2.50361 -5.24807 0.8236599 
  57.88457 -11.49018 -1.679572 0.1695194 1.619822 16.2818 4.782509 12.36606 -3.555513 6.99986 -0.8794823 -2.889536 2.902114 
  58.31211 -8.682266 -2.983805 -2.380566 5.91277 15.14655 -7.610296 8.941759 4.662978 -3.609495 -14.90489 0.9009643 -1.421627 
  57.60852 -11.31468 -5.005366 -0.01263046 2.037827 15.14655 15.35834 22.21685 9.869642 6.478088 -13.57663 -2.721069 -5.228852 
  57.60852 -12.54314 -6.570446 -5.112801 1.410818 4.46332 7.804174 27.17578 5.300529 11.00011 -9.000117 3.596432 -2.593081 
  57.475 -8.506772 -1.875207 -5.112801 3.709852 5.542002 3.271676 20.01287 4.875495 13.60897 -9.609165 -4.321503 -0.9335213 
  56.67385 -9.910727 -2.722958 -8.75578 2.037827 11.74081 0.395112 12.95308 -5.119534 9.086946 -8.188054 5.365332 1.116524 
  58.73966 -10.26171 -8.185228 -8.573631 3.082842 15.99799 10.82584 15.39901 -0.9488144 4.912774 -7.37599 8.207279 -4.252641 
  56.9409 -12.19215 0.9941063 0.3516674 3.709852 -3.08745 -21.37415 -6.837612 14.5116 12.3915 -1.793055 1.574831 -13.05698 
  58.1696 -6.743232 0.6680479 2.959584 0.9928112 4.247583 -8.349257 -2.980152 6.044338 7.347708 4.706845 19.28313 -11.37899 
  59.59475 -8.857761 -2.78817 4.879424 -4.232267 8.051251 -8.718738 -6.409004 7.95699 11.00011 -8.391069 13.55424 5.044824 
  58.45463 -10.96369 -4.679308 1.262413 -1.097219 9.1865 -0.4670086 6.006646 9.975901 12.73935 -13.24457 5.281098 7.544651 
  58.1696 -9.559738 2.560708 5.599364 -1.72423 6.404945 -6.501855 3.448944 11.14474 10.13049 -18.22554 29.59512 5.75906 
  57.475 -11.13919 -5.201001 5.599364 3.082842 15.43036 -6.501855 -0.8371201 5.831821 13.08719 -12.58044 10.88076 -1.031142 
  56.67385 -12.89413 -5.787906 8.479123 6.202245 10.60556 0.8877525 8.354736 15.73659 25.19532 -7.782022 16.22772 -3.764535 
  56.9409 -12.36765 -6.113964 1.626711 -2.142235 15.99799 7.804174 6.104484 9.019574 2.47784 -21.21413 3.764898 0.7260389 
  57.475 -8.331278 -2.918593 -2.198418 6.781197 8.618876 7.300563 13.73578 10.29468 5.260622 -6.563927 -7.97102 -9.524184 ]
